1.220184543019635359e-02 1.220184543019635359e-02
1.220184543019635359e-02 2.440369086039270718e-02
1.369069574922039678e-02 3.809438660961310397e-02
1.536121328285869336e-02 5.345559989247179733e-02
1.723556478383592161e-02 7.069116467630771894e-02
1.933862175778092163e-02 9.002978643408864057e-02
2.169829049299568102e-02 1.117280769270843216e-01
2.434588235994603056e-02 1.360739592870303660e-01
2.731652929412406450e-02 1.633904885811544305e-01
3.064964997548735859e-02 1.940401385566417891e-01
3.438947289039251398e-02 2.284296114470343031e-01
3.858562321673753015e-02 2.670152346637718610e-01
4.329378131992178691e-02 3.103090159836936479e-01
4.857642159746594634e-02 3.588854375811595943e-01
5.450364147630903933e-02 4.133890790574686336e-01
6.115409156307693994e-02 4.745431706205455735e-01
6.861601928984406573e-02 5.431591899103895837e-01
7.698843990394466097e-02 6.201476298143342447e-01
8.638245034014380153e-02 7.065300801544780462e-01
9.692270340946385065e-02 8.034527835639418969e-01
1.087490618662546593e-01 9.122018454301965562e-01
1.220184543019631196e-01 1.034220299732159676e+00
1.369069574922039401e-01 1.171127257224363616e+00
1.536121328285873222e-01 1.324739390052950938e+00
1.723556478383592161e-01 1.497095037891310154e+00
1.933862175778096049e-01 1.690481255469119759e+00
2.169829049299560886e-01 1.907464160399075848e+00
2.434588235994603611e-01 2.150922983998536431e+00
2.731652929412407005e-01 2.424088276939777131e+00
3.064964997548740300e-01 2.730584776694651161e+00
3.438947289039262500e-01 3.074479505598577411e+00
3.858562321673741913e-01 3.460335737765951603e+00
4.329378131992180911e-01 3.893273550965169694e+00
4.857642159746595745e-01 4.379037766939829268e+00
5.450364147630919476e-01 4.924074181702921216e+00
6.115409156307691774e-01 5.535615097333690393e+00
6.861601928984395471e-01 6.221775290232129940e+00
7.698843990394470538e-01 6.991659689271576994e+00
8.638245034014371271e-01 7.855484192673014121e+00
9.692270340946418372e-01 8.824711226767655958e+00
1.087490618662545927e+00 9.912201845430201885e+00
1.220184543019630752e+00 1.113238638844983264e+01
1.369069574922045618e+00 1.250145596337187825e+01
1.536121328285865673e+00 1.403757729165774393e+01
1.723556478383585500e+00 1.576113377004132943e+01
1.933862175778102710e+00 1.769499594581943214e+01
2.169829049299561774e+00 1.986482499511899391e+01
2.434588235994613825e+00 2.229941323111360774e+01
2.731652929412398123e+00 2.503106616052600586e+01
3.064964997548756287e+00 2.809603115807476215e+01
3.438947289039244737e+00 3.153497844711400688e+01
3.858562321673737472e+00 3.539354076878774435e+01
4.329378131992207557e+00 3.972291890077995191e+01
4.857642159746568211e+00 4.458056106052652012e+01
5.450364147630949674e+00 5.003092520815746980e+01
6.115409156307663352e+00 5.614633436446513315e+01
6.861601928984391918e+00 6.300793629344952507e+01
7.698843990394507841e+00 7.070678028384404001e+01
8.638245034014332191e+00 7.934502531785837220e+01
9.692270340946464557e+00 8.903729565880483676e+01
1.087490618662536690e+01 9.991220184543020366e+01
1.220184543019630041e+01 1.121140472756265041e+02
1.369069574922045263e+01 1.258047430248469567e+02
1.536121328285864251e+01 1.411659563077055850e+02
1.723556478383602553e+01 1.584015210915416105e+02
1.933862175778085657e+01 1.777401428493224671e+02
2.169829049299559642e+01 1.994384333423180635e+02
2.434588235994613115e+01 2.237843157022641947e+02
2.731652929412396702e+01 2.511008449963881617e+02
3.064964997548750603e+01 2.817504949718756961e+02
3.438947289039248290e+01 3.161399678622681790e+02
3.858562321673736051e+01 3.547255910790055395e+02
4.329378131992200451e+01 3.980193723989275441e+02
4.857642159746569632e+01 4.465957939963932404e+02
5.450364147630943989e+01 5.010994354727026803e+02
6.115409156307657668e+01 5.622535270357792569e+02
6.861601928984396181e+01 6.308695463256232188e+02
7.698843990394504999e+01 7.078579862295682688e+02
8.638245034014323664e+01 7.942404365697115054e+02
9.692270340946458873e+01 8.911631399791760941e+02
1.087490618662541237e+02 9.999122018454302179e+02
1.220184543019629473e+02 1.121930656147393165e+03
1.369069574922032189e+02 1.258837613639596384e+03
1.536121328285892105e+02 1.412449746468185594e+03
1.723556478383586636e+02 1.584805394306544258e+03
1.933862175778087931e+02 1.778191611884353051e+03
2.169829049299560211e+02 1.995174516814309072e+03
2.434588235994588103e+02 2.238633340413767655e+03
2.731652929412443882e+02 2.511798633355012043e+03
3.064964997548727297e+02 2.818295133109884773e+03
3.438947289039247153e+02 3.162189862013809488e+03
3.858562321673734914e+02 3.548046094181182980e+03
4.329378131992161798e+02 3.980983907380399160e+03
4.857642159746660582e+02 4.466748123355065218e+03
5.450364147630898515e+02 5.011784538118155069e+03
6.115409156307659941e+02 5.623325453748921063e+03
6.861601928984391634e+02 6.309485646647360227e+03
7.698843990394580032e+02 7.079370045686818230e+03
8.638245034014335033e+02 7.943194549088251733e+03
9.692270340946370197e+02 8.912421583182887844e+03
