1.200000000000000000e+01 1.800000000000000000e+01 8.064515840000000000e+08 1.000000000000000000e+00 2.007000000000000000e+03 6.300000000000000044e-01 1.385400000000000000e+04 0.000000000000000000e+00
2.800000000000000000e+01 1.000000000000000000e+00 8.064558160000000000e+08 1.000000000000000000e+00 2.814000000000000000e+03 7.760000000000000231e-01 2.241000000000000000e+03 0.000000000000000000e+00
1.300000000000000000e+01 9.000000000000000000e+00 8.064595970000000000e+08 1.000000000000000000e+00 2.139000000000000000e+03 6.889999999999999458e-01 6.113000000000000000e+03 0.000000000000000000e+00
2.800000000000000000e+01 1.700000000000000000e+01 8.064608250000000000e+08 1.000000000000000000e+00 2.259000000000000000e+03 8.339999999999999636e-01 6.814000000000000000e+03 0.000000000000000000e+00
2.300000000000000000e+01 1.200000000000000000e+01 8.064609140000000000e+08 1.000000000000000000e+00 7.300000000000000000e+01 1.529999999999999971e-01 1.080300000000000000e+04 0.000000000000000000e+00
2.000000000000000000e+01 1.500000000000000000e+01 8.064630470000000000e+08 1.000000000000000000e+00 2.125000000000000000e+03 7.980000000000000426e-01 2.064800000000000000e+04 1.000000000000000000e+00
2.000000000000000000e+01 4.000000000000000000e+00 8.064651100000000000e+08 1.000000000000000000e+00 2.689000000000000000e+03 8.359999999999999654e-01 2.166800000000000000e+04 1.000000000000000000e+00
1.000000000000000000e+01 6.000000000000000000e+00 8.064688340000000000e+08 1.000000000000000000e+00 2.445000000000000000e+03 7.990000000000000435e-01 5.247000000000000000e+03 0.000000000000000000e+00
2.400000000000000000e+01 2.000000000000000000e+00 8.064747910000000000e+08 1.000000000000000000e+00 2.684000000000000000e+03 7.009999999999999565e-01 5.758000000000000000e+03 0.000000000000000000e+00
2.600000000000000000e+01 1.800000000000000000e+01 8.064765190000000000e+08 1.000000000000000000e+00 1.787000000000000000e+03 6.879999999999999449e-01 1.575900000000000000e+04 0.000000000000000000e+00
1.400000000000000000e+01 1.400000000000000000e+01 8.064812180000000000e+08 1.000000000000000000e+00 2.296000000000000000e+03 7.369999999999999885e-01 1.390100000000000000e+04 0.000000000000000000e+00
1.400000000000000000e+01 1.500000000000000000e+01 8.064833620000000000e+08 1.000000000000000000e+00 2.283000000000000000e+03 8.289999999999999591e-01 1.387500000000000000e+04 0.000000000000000000e+00
9.000000000000000000e+00 6.000000000000000000e+00 8.084300360000000000e+08 1.000000000000000000e+00 2.488000000000000000e+03 8.169999999999999485e-01 3.828000000000000000e+03 0.000000000000000000e+00
2.200000000000000000e+01 1.500000000000000000e+01 8.084303460000000000e+08 1.000000000000000000e+00 3.801000000000000000e+03 8.790000000000000036e-01 4.150000000000000000e+03 0.000000000000000000e+00
9.000000000000000000e+00 7.000000000000000000e+00 8.084305710000000000e+08 1.000000000000000000e+00 2.259000000000000000e+03 7.439999999999999947e-01 7.713000000000000000e+03 0.000000000000000000e+00
1.200000000000000000e+01 4.000000000000000000e+00 8.084328230000000000e+08 1.000000000000000000e+00 2.229000000000000000e+03 5.909999999999999698e-01 1.269800000000000000e+04 0.000000000000000000e+00
2.700000000000000000e+01 1.000000000000000000e+01 8.084328240000000000e+08 1.000000000000000000e+00 2.441000000000000000e+03 7.640000000000000124e-01 6.719000000000000000e+03 0.000000000000000000e+00
2.000000000000000000e+01 1.000000000000000000e+01 8.084370920000000000e+08 1.000000000000000000e+00 2.226000000000000000e+03 8.110000000000000542e-01 2.105100000000000000e+04 1.000000000000000000e+00
1.900000000000000000e+01 1.000000000000000000e+00 8.084378700000000000e+08 1.000000000000000000e+00 2.476000000000000000e+03 7.710000000000000187e-01 2.576000000000000000e+03 0.000000000000000000e+00
1.100000000000000000e+01 1.700000000000000000e+01 8.084406910000000000e+08 1.000000000000000000e+00 2.036000000000000000e+03 7.860000000000000320e-01 8.809000000000000000e+03 0.000000000000000000e+00
1.900000000000000000e+01 1.200000000000000000e+01 8.084437280000000000e+08 1.000000000000000000e+00 2.220000000000000000e+03 7.790000000000000258e-01 1.206100000000000000e+04 0.000000000000000000e+00
1.200000000000000000e+01 5.000000000000000000e+00 8.084437330000000000e+08 1.000000000000000000e+00 2.518000000000000000e+03 6.239999999999999991e-01 1.161300000000000000e+04 0.000000000000000000e+00
2.400000000000000000e+01 1.100000000000000000e+01 8.084470250000000000e+08 1.000000000000000000e+00 2.415000000000000000e+03 7.960000000000000409e-01 4.377000000000000000e+03 0.000000000000000000e+00
1.100000000000000000e+01 4.000000000000000000e+00 8.084470520000000000e+08 1.000000000000000000e+00 2.696000000000000000e+03 8.020000000000000462e-01 1.198300000000000000e+04 0.000000000000000000e+00
1.000000000000000000e+01 9.000000000000000000e+00 8.084470660000000000e+08 1.000000000000000000e+00 2.298000000000000000e+03 7.389999999999999902e-01 1.279100000000000000e+04 0.000000000000000000e+00
1.900000000000000000e+01 1.400000000000000000e+01 8.084470810000000000e+08 1.000000000000000000e+00 2.043000000000000000e+03 7.650000000000000133e-01 8.491000000000000000e+03 0.000000000000000000e+00
9.000000000000000000e+00 1.100000000000000000e+01 8.084470910000000000e+08 1.000000000000000000e+00 1.420000000000000000e+03 4.939999999999999947e-01 7.731000000000000000e+03 0.000000000000000000e+00
1.400000000000000000e+01 3.000000000000000000e+00 8.084470940000000000e+08 1.000000000000000000e+00 2.937000000000000000e+03 7.640000000000000124e-01 8.695000000000000000e+03 0.000000000000000000e+00
1.500000000000000000e+01 3.000000000000000000e+00 8.084471040000000000e+08 1.000000000000000000e+00 2.769000000000000000e+03 8.299999999999999600e-01 7.617000000000000000e+03 0.000000000000000000e+00
1.500000000000000000e+01 5.000000000000000000e+00 8.084516890000000000e+08 1.000000000000000000e+00 2.722000000000000000e+03 8.169999999999999485e-01 8.107000000000000000e+03 0.000000000000000000e+00
1.400000000000000000e+01 7.000000000000000000e+00 8.084517820000000000e+08 1.000000000000000000e+00 2.395000000000000000e+03 8.159999999999999476e-01 1.260500000000000000e+04 0.000000000000000000e+00
2.600000000000000000e+01 1.000000000000000000e+01 8.084549730000000000e+08 1.000000000000000000e+00 2.619000000000000000e+03 8.030000000000000471e-01 2.471000000000000000e+03 0.000000000000000000e+00
2.700000000000000000e+01 7.000000000000000000e+00 8.084549780000000000e+08 1.000000000000000000e+00 1.604000000000000000e+03 4.219999999999999862e-01 2.269000000000000000e+03 0.000000000000000000e+00
1.500000000000000000e+01 1.300000000000000000e+01 8.084554930000000000e+08 1.000000000000000000e+00 2.176000000000000000e+03 7.109999999999999654e-01 7.898000000000000000e+03 0.000000000000000000e+00
2.700000000000000000e+01 1.100000000000000000e+01 8.084555050000000000e+08 1.000000000000000000e+00 2.249000000000000000e+03 7.820000000000000284e-01 7.343000000000000000e+03 0.000000000000000000e+00
1.200000000000000000e+01 6.000000000000000000e+00 8.084555170000000000e+08 1.000000000000000000e+00 2.350000000000000000e+03 6.410000000000000142e-01 1.164600000000000000e+04 0.000000000000000000e+00
2.400000000000000000e+01 1.600000000000000000e+01 8.084611970000000000e+08 1.000000000000000000e+00 2.165000000000000000e+03 7.650000000000000133e-01 6.080000000000000000e+03 0.000000000000000000e+00
1.300000000000000000e+01 4.000000000000000000e+00 8.084653420000000000e+08 1.000000000000000000e+00 2.281000000000000000e+03 6.610000000000000320e-01 8.843000000000000000e+03 0.000000000000000000e+00
2.600000000000000000e+01 6.000000000000000000e+00 8.084675450000000000e+08 1.000000000000000000e+00 2.465000000000000000e+03 7.429999999999999938e-01 1.568400000000000000e+04 0.000000000000000000e+00
9.000000000000000000e+00 5.000000000000000000e+00 8.084675690000000000e+08 1.000000000000000000e+00 2.613000000000000000e+03 8.689999999999999947e-01 6.257000000000000000e+03 0.000000000000000000e+00
9.000000000000000000e+00 1.300000000000000000e+01 8.084683650000000000e+08 1.000000000000000000e+00 1.544000000000000000e+03 5.320000000000000284e-01 4.138000000000000000e+03 0.000000000000000000e+00
2.800000000000000000e+01 1.500000000000000000e+01 8.084683790000000000e+08 1.000000000000000000e+00 2.134000000000000000e+03 7.119999999999999662e-01 6.349000000000000000e+03 0.000000000000000000e+00
2.200000000000000000e+01 1.600000000000000000e+01 8.084693990000000000e+08 1.000000000000000000e+00 2.018000000000000000e+03 7.530000000000000027e-01 1.699000000000000000e+03 0.000000000000000000e+00
2.000000000000000000e+01 2.000000000000000000e+00 8.084695560000000000e+08 1.000000000000000000e+00 2.917000000000000000e+03 8.479999999999999760e-01 1.832300000000000000e+04 1.000000000000000000e+00
1.400000000000000000e+01 9.000000000000000000e+00 8.084703730000000000e+08 1.000000000000000000e+00 2.285000000000000000e+03 8.030000000000000471e-01 1.015600000000000000e+04 0.000000000000000000e+00
9.000000000000000000e+00 1.500000000000000000e+01 8.084742310000000000e+08 1.000000000000000000e+00 1.216000000000000000e+03 4.199999999999999845e-01 7.043000000000000000e+03 0.000000000000000000e+00
1.000000000000000000e+01 8.000000000000000000e+00 8.084742430000000000e+08 1.000000000000000000e+00 2.137000000000000000e+03 7.029999999999999583e-01 1.283800000000000000e+04 0.000000000000000000e+00
1.000000000000000000e+01 2.000000000000000000e+00 8.084742440000000000e+08 1.000000000000000000e+00 2.667000000000000000e+03 8.070000000000000506e-01 4.632000000000000000e+03 0.000000000000000000e+00
2.300000000000000000e+01 1.800000000000000000e+01 8.084743610000000000e+08 1.000000000000000000e+00 1.960000000000000000e+03 8.139999999999999458e-01 6.952000000000000000e+03 0.000000000000000000e+00
1.500000000000000000e+01 1.800000000000000000e+01 8.084743730000000000e+08 1.000000000000000000e+00 2.227000000000000000e+03 7.930000000000000382e-01 1.324100000000000000e+04 0.000000000000000000e+00
2.400000000000000000e+01 1.800000000000000000e+01 8.084745780000000000e+08 1.000000000000000000e+00 2.109000000000000000e+03 8.299999999999999600e-01 2.134000000000000000e+03 0.000000000000000000e+00
1.200000000000000000e+01 1.400000000000000000e+01 8.084745930000000000e+08 1.000000000000000000e+00 2.234000000000000000e+03 6.550000000000000266e-01 1.526800000000000000e+04 0.000000000000000000e+00
1.000000000000000000e+01 1.500000000000000000e+01 8.084746020000000000e+08 1.000000000000000000e+00 2.139000000000000000e+03 7.439999999999999947e-01 1.041000000000000000e+04 0.000000000000000000e+00
2.300000000000000000e+01 1.100000000000000000e+01 8.084767130000000000e+08 1.000000000000000000e+00 2.297000000000000000e+03 8.189999999999999503e-01 1.544300000000000000e+04 0.000000000000000000e+00
1.200000000000000000e+01 1.300000000000000000e+01 8.084767250000000000e+08 1.000000000000000000e+00 1.928000000000000000e+03 6.440000000000000169e-01 1.526300000000000000e+04 0.000000000000000000e+00
2.400000000000000000e+01 7.000000000000000000e+00 8.084770170000000000e+08 1.000000000000000000e+00 2.354000000000000000e+03 7.820000000000000284e-01 5.365000000000000000e+03 0.000000000000000000e+00
1.000000000000000000e+01 1.800000000000000000e+01 8.084804860000000000e+08 1.000000000000000000e+00 1.990000000000000000e+03 7.760000000000000231e-01 5.310000000000000000e+03 0.000000000000000000e+00
1.100000000000000000e+01 1.500000000000000000e+01 8.084805250000000000e+08 1.000000000000000000e+00 2.140000000000000000e+03 7.479999999999999982e-01 1.003500000000000000e+04 0.000000000000000000e+00
2.300000000000000000e+01 8.000000000000000000e+00 8.084852470000000000e+08 1.000000000000000000e+00 2.275000000000000000e+03 7.469999999999999973e-01 1.120200000000000000e+04 0.000000000000000000e+00
1.400000000000000000e+01 6.000000000000000000e+00 8.084852500000000000e+08 1.000000000000000000e+00 2.595000000000000000e+03 8.269999999999999574e-01 1.451100000000000000e+04 0.000000000000000000e+00
2.400000000000000000e+01 5.000000000000000000e+00 8.084888450000000000e+08 1.000000000000000000e+00 2.437000000000000000e+03 7.800000000000000266e-01 1.009000000000000000e+03 0.000000000000000000e+00
2.700000000000000000e+01 1.600000000000000000e+01 8.084890220000000000e+08 1.000000000000000000e+00 2.097000000000000000e+03 7.830000000000000293e-01 1.232000000000000000e+03 0.000000000000000000e+00
1.900000000000000000e+01 1.500000000000000000e+01 8.084891050000000000e+08 1.000000000000000000e+00 5.333000000000000000e+03 8.509999999999999787e-01 1.188600000000000000e+04 0.000000000000000000e+00
3.200000000000000000e+01 1.000000000000000000e+01 8.084891100000000000e+08 1.000000000000000000e+00 2.576000000000000000e+03 8.669999999999999929e-01 5.261000000000000000e+03 0.000000000000000000e+00
2.000000000000000000e+01 7.000000000000000000e+00 8.084906900000000000e+08 1.000000000000000000e+00 2.383000000000000000e+03 8.120000000000000551e-01 1.984100000000000000e+04 1.000000000000000000e+00
2.000000000000000000e+01 1.000000000000000000e+00 8.084917940000000000e+08 1.000000000000000000e+00 2.451000000000000000e+03 8.020000000000000462e-01 2.137100000000000000e+04 1.000000000000000000e+00
2.400000000000000000e+01 1.200000000000000000e+01 8.084931060000000000e+08 1.000000000000000000e+00 2.346000000000000000e+03 8.519999999999999796e-01 4.300000000000000000e+03 0.000000000000000000e+00
1.500000000000000000e+01 6.000000000000000000e+00 8.089470030000000000e+08 1.000000000000000000e+00 2.468000000000000000e+03 7.169999999999999707e-01 1.524300000000000000e+04 0.000000000000000000e+00
2.800000000000000000e+01 1.100000000000000000e+01 8.089474810000000000e+08 1.000000000000000000e+00 2.430000000000000000e+03 8.040000000000000480e-01 7.978000000000000000e+03 0.000000000000000000e+00
1.200000000000000000e+01 8.000000000000000000e+00 8.089475050000000000e+08 1.000000000000000000e+00 2.258000000000000000e+03 6.999999999999999556e-01 1.012200000000000000e+04 0.000000000000000000e+00
1.000000000000000000e+01 1.300000000000000000e+01 8.089499900000000000e+08 1.000000000000000000e+00 2.177000000000000000e+03 7.039999999999999591e-01 9.752000000000000000e+03 0.000000000000000000e+00
2.200000000000000000e+01 1.300000000000000000e+01 8.089500760000000000e+08 1.000000000000000000e+00 2.251000000000000000e+03 7.950000000000000400e-01 7.431000000000000000e+03 0.000000000000000000e+00
1.300000000000000000e+01 1.000000000000000000e+01 8.089524990000000000e+08 1.000000000000000000e+00 2.231000000000000000e+03 6.600000000000000311e-01 8.013000000000000000e+03 0.000000000000000000e+00
3.200000000000000000e+01 2.000000000000000000e+00 8.089531480000000000e+08 1.000000000000000000e+00 2.632000000000000000e+03 7.980000000000000426e-01 2.870000000000000000e+02 0.000000000000000000e+00
1.500000000000000000e+01 8.000000000000000000e+00 8.089536590000000000e+08 1.000000000000000000e+00 2.332000000000000000e+03 7.880000000000000338e-01 7.906000000000000000e+03 0.000000000000000000e+00
2.300000000000000000e+01 3.000000000000000000e+00 8.089536660000000000e+08 1.000000000000000000e+00 2.730000000000000000e+03 8.129999999999999449e-01 1.157700000000000000e+04 0.000000000000000000e+00
2.000000000000000000e+01 1.600000000000000000e+01 8.089567970000000000e+08 1.000000000000000000e+00 2.053000000000000000e+03 7.580000000000000071e-01 2.132200000000000000e+04 1.000000000000000000e+00
1.500000000000000000e+01 1.500000000000000000e+01 8.089569260000000000e+08 1.000000000000000000e+00 2.163000000000000000e+03 7.840000000000000302e-01 9.354000000000000000e+03 0.000000000000000000e+00
2.700000000000000000e+01 1.200000000000000000e+01 8.089569950000000000e+08 1.000000000000000000e+00 2.292000000000000000e+03 7.820000000000000284e-01 1.144000000000000000e+03 0.000000000000000000e+00
2.400000000000000000e+01 8.000000000000000000e+00 8.089570440000000000e+08 1.000000000000000000e+00 2.291000000000000000e+03 7.409999999999999920e-01 3.926000000000000000e+03 0.000000000000000000e+00
1.300000000000000000e+01 1.800000000000000000e+01 8.089573780000000000e+08 1.000000000000000000e+00 1.941000000000000000e+03 7.530000000000000027e-01 1.130000000000000000e+04 0.000000000000000000e+00
2.300000000000000000e+01 4.000000000000000000e+00 8.089573900000000000e+08 1.000000000000000000e+00 2.684000000000000000e+03 8.699999999999999956e-01 1.401600000000000000e+04 0.000000000000000000e+00
1.100000000000000000e+01 1.600000000000000000e+01 8.089583220000000000e+08 1.000000000000000000e+00 2.000000000000000000e+03 7.670000000000000151e-01 1.031800000000000000e+04 0.000000000000000000e+00
1.300000000000000000e+01 1.700000000000000000e+01 8.089583720000000000e+08 1.000000000000000000e+00 1.957000000000000000e+03 6.670000000000000373e-01 1.376800000000000000e+04 0.000000000000000000e+00
2.600000000000000000e+01 1.300000000000000000e+01 8.089583920000000000e+08 1.000000000000000000e+00 2.240000000000000000e+03 8.149999999999999467e-01 7.183000000000000000e+03 0.000000000000000000e+00
2.600000000000000000e+01 1.000000000000000000e+00 8.089585760000000000e+08 1.000000000000000000e+00 2.629000000000000000e+03 0.000000000000000000e+00 3.616000000000000000e+03 0.000000000000000000e+00
1.200000000000000000e+01 1.700000000000000000e+01 8.089585880000000000e+08 1.000000000000000000e+00 2.090000000000000000e+03 6.560000000000000275e-01 1.019300000000000000e+04 0.000000000000000000e+00
1.300000000000000000e+01 1.300000000000000000e+01 8.089585910000000000e+08 1.000000000000000000e+00 2.243000000000000000e+03 6.560000000000000275e-01 1.532300000000000000e+04 0.000000000000000000e+00
2.000000000000000000e+01 8.000000000000000000e+00 8.089589230000000000e+08 1.000000000000000000e+00 2.382000000000000000e+03 7.960000000000000409e-01 2.104400000000000000e+04 1.000000000000000000e+00
2.500000000000000000e+01 5.000000000000000000e+00 8.089593980000000000e+08 1.000000000000000000e+00 2.376000000000000000e+03 7.740000000000000213e-01 2.770200000000000000e+04 1.000000000000000000e+00
1.000000000000000000e+01 3.000000000000000000e+00 8.089594030000000000e+08 1.000000000000000000e+00 2.727000000000000000e+03 8.519999999999999796e-01 4.555000000000000000e+03 0.000000000000000000e+00
2.300000000000000000e+01 9.000000000000000000e+00 8.089595630000000000e+08 1.000000000000000000e+00 2.385000000000000000e+03 8.479999999999999760e-01 9.720000000000000000e+03 0.000000000000000000e+00
1.400000000000000000e+01 4.000000000000000000e+00 8.089597310000000000e+08 1.000000000000000000e+00 2.843000000000000000e+03 8.229999999999999538e-01 1.199600000000000000e+04 0.000000000000000000e+00
1.100000000000000000e+01 6.000000000000000000e+00 8.089603300000000000e+08 1.000000000000000000e+00 2.310000000000000000e+03 7.560000000000000053e-01 1.184200000000000000e+04 0.000000000000000000e+00
1.300000000000000000e+01 5.000000000000000000e+00 8.089604520000000000e+08 1.000000000000000000e+00 2.489000000000000000e+03 6.979999999999999538e-01 1.529600000000000000e+04 0.000000000000000000e+00
2.200000000000000000e+01 4.000000000000000000e+00 8.089604760000000000e+08 1.000000000000000000e+00 2.259000000000000000e+03 7.600000000000000089e-01 4.568000000000000000e+03 0.000000000000000000e+00
2.600000000000000000e+01 2.000000000000000000e+00 8.089612560000000000e+08 1.000000000000000000e+00 2.965000000000000000e+03 8.439999999999999725e-01 2.006000000000000000e+03 0.000000000000000000e+00
1.400000000000000000e+01 1.000000000000000000e+01 8.089612610000000000e+08 1.000000000000000000e+00 2.217000000000000000e+03 7.169999999999999707e-01 1.253300000000000000e+04 0.000000000000000000e+00
1.900000000000000000e+01 1.000000000000000000e+01 8.089613960000000000e+08 1.000000000000000000e+00 2.692000000000000000e+03 8.429999999999999716e-01 8.594000000000000000e+03 0.000000000000000000e+00
2.600000000000000000e+01 1.700000000000000000e+01 8.089614450000000000e+08 1.000000000000000000e+00 2.039000000000000000e+03 8.080000000000000515e-01 1.567600000000000000e+04 0.000000000000000000e+00
2.400000000000000000e+01 1.000000000000000000e+01 8.089614890000000000e+08 1.000000000000000000e+00 2.511000000000000000e+03 8.120000000000000551e-01 3.726000000000000000e+03 0.000000000000000000e+00
2.700000000000000000e+01 1.800000000000000000e+01 8.089615010000000000e+08 1.000000000000000000e+00 1.812000000000000000e+03 6.099999999999999867e-01 1.031000000000000000e+03 0.000000000000000000e+00
2.800000000000000000e+01 4.000000000000000000e+00 8.089616670000000000e+08 1.000000000000000000e+00 2.518000000000000000e+03 8.010000000000000453e-01 4.731000000000000000e+03 0.000000000000000000e+00
1.000000000000000000e+01 1.700000000000000000e+01 8.089617160000000000e+08 1.000000000000000000e+00 2.317000000000000000e+03 8.429999999999999716e-01 3.057000000000000000e+03 0.000000000000000000e+00
1.000000000000000000e+01 4.000000000000000000e+00 8.089643220000000000e+08 1.000000000000000000e+00 2.386000000000000000e+03 7.700000000000000178e-01 3.270000000000000000e+03 0.000000000000000000e+00
2.800000000000000000e+01 5.000000000000000000e+00 8.089647570000000000e+08 1.000000000000000000e+00 2.280000000000000000e+03 7.820000000000000284e-01 1.256400000000000000e+04 0.000000000000000000e+00
1.500000000000000000e+01 2.000000000000000000e+00 8.089648080000000000e+08 1.000000000000000000e+00 2.757000000000000000e+03 8.080000000000000515e-01 1.545800000000000000e+04 0.000000000000000000e+00
2.200000000000000000e+01 3.000000000000000000e+00 8.089648450000000000e+08 1.000000000000000000e+00 2.690000000000000000e+03 8.920000000000000151e-01 4.703000000000000000e+03 0.000000000000000000e+00
1.200000000000000000e+01 1.600000000000000000e+01 8.089648760000000000e+08 1.000000000000000000e+00 1.751000000000000000e+03 6.280000000000000027e-01 7.932000000000000000e+03 0.000000000000000000e+00
1.900000000000000000e+01 1.600000000000000000e+01 8.089648950000000000e+08 1.000000000000000000e+00 2.082000000000000000e+03 7.199999999999999734e-01 1.188200000000000000e+04 0.000000000000000000e+00
1.100000000000000000e+01 3.000000000000000000e+00 8.089649130000000000e+08 1.000000000000000000e+00 2.772000000000000000e+03 7.930000000000000382e-01 7.590000000000000000e+03 0.000000000000000000e+00
1.000000000000000000e+01 7.000000000000000000e+00 8.089649250000000000e+08 1.000000000000000000e+00 2.003000000000000000e+03 6.750000000000000444e-01 1.549700000000000000e+04 0.000000000000000000e+00
1.100000000000000000e+01 7.000000000000000000e+00 8.089649320000000000e+08 1.000000000000000000e+00 2.296000000000000000e+03 7.830000000000000293e-01 1.214200000000000000e+04 0.000000000000000000e+00
9.000000000000000000e+00 1.000000000000000000e+01 8.089659180000000000e+08 1.000000000000000000e+00 1.754000000000000000e+03 6.440000000000000169e-01 7.412000000000000000e+03 0.000000000000000000e+00
2.300000000000000000e+01 1.300000000000000000e+01 8.089660470000000000e+08 1.000000000000000000e+00 2.310000000000000000e+03 8.439999999999999725e-01 7.842000000000000000e+03 0.000000000000000000e+00
1.900000000000000000e+01 6.000000000000000000e+00 8.089662840000000000e+08 1.000000000000000000e+00 2.287000000000000000e+03 7.109999999999999654e-01 5.904000000000000000e+03 0.000000000000000000e+00
9.000000000000000000e+00 4.000000000000000000e+00 8.089662870000000000e+08 1.000000000000000000e+00 2.160000000000000000e+03 7.109999999999999654e-01 7.638000000000000000e+03 0.000000000000000000e+00
2.300000000000000000e+01 7.000000000000000000e+00 8.089676950000000000e+08 1.000000000000000000e+00 2.503000000000000000e+03 8.090000000000000524e-01 1.384700000000000000e+04 0.000000000000000000e+00
3.200000000000000000e+01 5.000000000000000000e+00 8.089690380000000000e+08 1.000000000000000000e+00 2.670000000000000000e+03 8.229999999999999538e-01 1.587000000000000000e+03 0.000000000000000000e+00
3.200000000000000000e+01 1.200000000000000000e+01 8.089694750000000000e+08 1.000000000000000000e+00 2.456000000000000000e+03 8.269999999999999574e-01 5.879000000000000000e+03 0.000000000000000000e+00
1.200000000000000000e+01 7.000000000000000000e+00 8.089713050000000000e+08 1.000000000000000000e+00 2.069000000000000000e+03 6.250000000000000000e-01 1.218400000000000000e+04 0.000000000000000000e+00
1.300000000000000000e+01 1.600000000000000000e+01 8.089716300000000000e+08 1.000000000000000000e+00 2.321000000000000000e+03 7.530000000000000027e-01 1.461400000000000000e+04 0.000000000000000000e+00
1.500000000000000000e+01 1.100000000000000000e+01 8.089716330000000000e+08 1.000000000000000000e+00 2.297000000000000000e+03 8.110000000000000542e-01 1.109800000000000000e+04 0.000000000000000000e+00
1.500000000000000000e+01 4.000000000000000000e+00 8.089717660000000000e+08 1.000000000000000000e+00 2.576000000000000000e+03 8.259999999999999565e-01 1.423100000000000000e+04 0.000000000000000000e+00
1.500000000000000000e+01 1.700000000000000000e+01 8.089718030000000000e+08 1.000000000000000000e+00 1.924000000000000000e+03 6.590000000000000302e-01 1.192500000000000000e+04 0.000000000000000000e+00
1.200000000000000000e+01 1.000000000000000000e+01 8.089719360000000000e+08 1.000000000000000000e+00 2.005000000000000000e+03 6.540000000000000258e-01 1.472700000000000000e+04 0.000000000000000000e+00
1.300000000000000000e+01 6.000000000000000000e+00 8.089719370000000000e+08 1.000000000000000000e+00 2.292000000000000000e+03 6.580000000000000293e-01 1.130100000000000000e+04 0.000000000000000000e+00
1.300000000000000000e+01 3.000000000000000000e+00 8.089723460000000000e+08 1.000000000000000000e+00 2.417000000000000000e+03 6.860000000000000542e-01 1.407900000000000000e+04 0.000000000000000000e+00
2.600000000000000000e+01 8.000000000000000000e+00 8.089724520000000000e+08 1.000000000000000000e+00 2.654000000000000000e+03 8.269999999999999574e-01 1.105800000000000000e+04 0.000000000000000000e+00
1.400000000000000000e+01 2.000000000000000000e+00 8.089724570000000000e+08 1.000000000000000000e+00 2.557000000000000000e+03 7.429999999999999938e-01 1.136400000000000000e+04 0.000000000000000000e+00
2.600000000000000000e+01 1.100000000000000000e+01 8.089724640000000000e+08 1.000000000000000000e+00 2.422000000000000000e+03 8.070000000000000506e-01 5.716000000000000000e+03 0.000000000000000000e+00
9.000000000000000000e+00 1.700000000000000000e+01 8.089725860000000000e+08 1.000000000000000000e+00 1.993000000000000000e+03 6.630000000000000338e-01 5.630000000000000000e+03 0.000000000000000000e+00
1.100000000000000000e+01 1.800000000000000000e+01 8.089726050000000000e+08 1.000000000000000000e+00 2.010000000000000000e+03 7.149999999999999689e-01 1.417800000000000000e+04 0.000000000000000000e+00
2.000000000000000000e+01 3.000000000000000000e+00 8.089726870000000000e+08 1.000000000000000000e+00 2.759000000000000000e+03 8.359999999999999654e-01 1.837100000000000000e+04 1.000000000000000000e+00
1.100000000000000000e+01 5.000000000000000000e+00 8.089739360000000000e+08 1.000000000000000000e+00 2.789000000000000000e+03 7.790000000000000258e-01 1.372700000000000000e+04 0.000000000000000000e+00
2.000000000000000000e+01 1.200000000000000000e+01 8.089747260000000000e+08 1.000000000000000000e+00 2.142000000000000000e+03 7.950000000000000400e-01 2.140000000000000000e+04 1.000000000000000000e+00
2.700000000000000000e+01 8.000000000000000000e+00 8.089749230000000000e+08 1.000000000000000000e+00 2.195000000000000000e+03 6.730000000000000426e-01 4.083000000000000000e+03 0.000000000000000000e+00
9.000000000000000000e+00 2.000000000000000000e+00 8.089749280000000000e+08 1.000000000000000000e+00 2.365000000000000000e+03 7.900000000000000355e-01 7.631000000000000000e+03 0.000000000000000000e+00
1.100000000000000000e+01 8.000000000000000000e+00 8.089750100000000000e+08 1.000000000000000000e+00 2.157000000000000000e+03 7.379999999999999893e-01 1.145300000000000000e+04 0.000000000000000000e+00
1.400000000000000000e+01 1.600000000000000000e+01 8.089761600000000000e+08 1.000000000000000000e+00 2.465000000000000000e+03 8.549999999999999822e-01 8.672000000000000000e+03 0.000000000000000000e+00
1.100000000000000000e+01 1.400000000000000000e+01 8.089762060000000000e+08 1.000000000000000000e+00 2.037000000000000000e+03 7.640000000000000124e-01 8.874000000000000000e+03 0.000000000000000000e+00
1.500000000000000000e+01 9.000000000000000000e+00 8.089762070000000000e+08 1.000000000000000000e+00 2.375000000000000000e+03 7.740000000000000213e-01 7.576000000000000000e+03 0.000000000000000000e+00
1.200000000000000000e+01 1.100000000000000000e+01 8.089762320000000000e+08 1.000000000000000000e+00 2.022000000000000000e+03 6.500000000000000222e-01 1.466300000000000000e+04 0.000000000000000000e+00
1.400000000000000000e+01 1.100000000000000000e+01 8.089762330000000000e+08 1.000000000000000000e+00 2.474000000000000000e+03 8.189999999999999503e-01 8.618000000000000000e+03 0.000000000000000000e+00
1.500000000000000000e+01 1.600000000000000000e+01 8.089762520000000000e+08 1.000000000000000000e+00 2.356000000000000000e+03 7.459999999999999964e-01 9.936000000000000000e+03 0.000000000000000000e+00
1.400000000000000000e+01 1.300000000000000000e+01 8.089762650000000000e+08 1.000000000000000000e+00 2.236000000000000000e+03 7.810000000000000275e-01 9.458000000000000000e+03 0.000000000000000000e+00
1.500000000000000000e+01 1.400000000000000000e+01 8.089762930000000000e+08 1.000000000000000000e+00 2.186000000000000000e+03 7.439999999999999947e-01 1.170200000000000000e+04 0.000000000000000000e+00
1.400000000000000000e+01 1.800000000000000000e+01 8.089763190000000000e+08 1.000000000000000000e+00 2.257000000000000000e+03 8.070000000000000506e-01 1.372200000000000000e+04 0.000000000000000000e+00
2.100000000000000000e+01 6.000000000000000000e+00 8.089763510000000000e+08 1.000000000000000000e+00 2.213000000000000000e+03 7.630000000000000115e-01 2.894100000000000000e+04 1.000000000000000000e+00
1.400000000000000000e+01 1.700000000000000000e+01 8.089763520000000000e+08 1.000000000000000000e+00 2.015000000000000000e+03 6.380000000000000115e-01 1.370300000000000000e+04 0.000000000000000000e+00
1.000000000000000000e+01 1.600000000000000000e+01 8.089770150000000000e+08 1.000000000000000000e+00 2.110000000000000000e+03 6.989999999999999547e-01 4.551000000000000000e+03 0.000000000000000000e+00
2.200000000000000000e+01 1.800000000000000000e+01 8.089771120000000000e+08 1.000000000000000000e+00 1.967000000000000000e+03 8.090000000000000524e-01 8.750000000000000000e+02 0.000000000000000000e+00
1.900000000000000000e+01 7.000000000000000000e+00 8.089775150000000000e+08 1.000000000000000000e+00 2.495000000000000000e+03 7.810000000000000275e-01 1.500500000000000000e+04 0.000000000000000000e+00
2.600000000000000000e+01 1.500000000000000000e+01 8.089775630000000000e+08 1.000000000000000000e+00 2.136000000000000000e+03 8.589999999999999858e-01 9.047000000000000000e+03 0.000000000000000000e+00
1.100000000000000000e+01 9.000000000000000000e+00 8.089785570000000000e+08 1.000000000000000000e+00 2.059000000000000000e+03 7.369999999999999885e-01 1.094000000000000000e+04 0.000000000000000000e+00
2.200000000000000000e+01 5.000000000000000000e+00 8.089785610000000000e+08 1.000000000000000000e+00 2.648000000000000000e+03 8.549999999999999822e-01 1.014000000000000000e+04 0.000000000000000000e+00
2.800000000000000000e+01 8.000000000000000000e+00 8.089785820000000000e+08 1.000000000000000000e+00 2.224000000000000000e+03 7.229999999999999760e-01 1.282100000000000000e+04 0.000000000000000000e+00
1.000000000000000000e+01 1.000000000000000000e+01 8.089786460000000000e+08 1.000000000000000000e+00 2.139000000000000000e+03 6.320000000000000062e-01 7.559000000000000000e+03 0.000000000000000000e+00
2.000000000000000000e+01 5.000000000000000000e+00 8.089790690000000000e+08 1.000000000000000000e+00 2.385000000000000000e+03 8.080000000000000515e-01 2.137700000000000000e+04 1.000000000000000000e+00
2.300000000000000000e+01 2.000000000000000000e+00 8.089790720000000000e+08 1.000000000000000000e+00 2.692000000000000000e+03 8.649999999999999911e-01 1.229000000000000000e+04 0.000000000000000000e+00
2.000000000000000000e+01 1.800000000000000000e+01 8.089796920000000000e+08 1.000000000000000000e+00 2.136000000000000000e+03 8.579999999999999849e-01 1.999500000000000000e+04 1.000000000000000000e+00
1.400000000000000000e+01 5.000000000000000000e+00 8.089799130000000000e+08 1.000000000000000000e+00 2.720000000000000000e+03 8.890000000000000124e-01 1.449000000000000000e+04 0.000000000000000000e+00
2.800000000000000000e+01 2.000000000000000000e+00 8.089800700000000000e+08 1.000000000000000000e+00 2.344000000000000000e+03 7.349999999999999867e-01 3.967000000000000000e+03 0.000000000000000000e+00
2.600000000000000000e+01 5.000000000000000000e+00 8.089810870000000000e+08 1.000000000000000000e+00 2.794000000000000000e+03 7.990000000000000435e-01 1.600800000000000000e+04 0.000000000000000000e+00
2.700000000000000000e+01 4.000000000000000000e+00 8.089811180000000000e+08 1.000000000000000000e+00 2.793000000000000000e+03 8.900000000000000133e-01 4.895000000000000000e+03 0.000000000000000000e+00
1.200000000000000000e+01 9.000000000000000000e+00 8.089811210000000000e+08 1.000000000000000000e+00 1.991000000000000000e+03 5.989999999999999769e-01 1.220900000000000000e+04 0.000000000000000000e+00
2.400000000000000000e+01 1.000000000000000000e+00 8.089811310000000000e+08 1.000000000000000000e+00 2.840000000000000000e+03 7.980000000000000426e-01 3.216000000000000000e+03 0.000000000000000000e+00
2.600000000000000000e+01 9.000000000000000000e+00 8.089811940000000000e+08 1.000000000000000000e+00 2.328000000000000000e+03 8.449999999999999734e-01 1.275400000000000000e+04 0.000000000000000000e+00
2.700000000000000000e+01 9.000000000000000000e+00 8.089812060000000000e+08 1.000000000000000000e+00 2.293000000000000000e+03 7.169999999999999707e-01 1.267000000000000000e+03 0.000000000000000000e+00
1.300000000000000000e+01 8.000000000000000000e+00 8.089812110000000000e+08 1.000000000000000000e+00 2.590000000000000000e+03 8.619999999999999885e-01 1.323000000000000000e+04 0.000000000000000000e+00
2.300000000000000000e+01 1.400000000000000000e+01 8.089812230000000000e+08 1.000000000000000000e+00 2.175000000000000000e+03 7.530000000000000027e-01 1.475400000000000000e+04 0.000000000000000000e+00
1.000000000000000000e+01 1.400000000000000000e+01 8.089813690000000000e+08 1.000000000000000000e+00 2.240000000000000000e+03 7.269999999999999796e-01 7.446000000000000000e+03 0.000000000000000000e+00
1.200000000000000000e+01 1.500000000000000000e+01 8.089815030000000000e+08 1.000000000000000000e+00 1.883000000000000000e+03 6.440000000000000169e-01 7.833000000000000000e+03 0.000000000000000000e+00
3.200000000000000000e+01 4.000000000000000000e+00 8.089816660000000000e+08 1.000000000000000000e+00 2.801000000000000000e+03 8.669999999999999929e-01 8.550000000000000000e+02 0.000000000000000000e+00
2.400000000000000000e+01 9.000000000000000000e+00 8.089816890000000000e+08 1.000000000000000000e+00 2.696000000000000000e+03 8.419999999999999707e-01 4.874000000000000000e+03 0.000000000000000000e+00
1.300000000000000000e+01 1.200000000000000000e+01 8.089818390000000000e+08 1.000000000000000000e+00 2.342000000000000000e+03 7.099999999999999645e-01 7.984000000000000000e+03 0.000000000000000000e+00
2.400000000000000000e+01 1.400000000000000000e+01 8.089818660000000000e+08 1.000000000000000000e+00 2.285000000000000000e+03 8.060000000000000497e-01 7.309000000000000000e+03 0.000000000000000000e+00
2.000000000000000000e+01 1.700000000000000000e+01 8.089819130000000000e+08 1.000000000000000000e+00 1.955000000000000000e+03 6.800000000000000488e-01 1.987400000000000000e+04 1.000000000000000000e+00
1.900000000000000000e+01 1.700000000000000000e+01 8.089820060000000000e+08 1.000000000000000000e+00 2.054000000000000000e+03 7.680000000000000160e-01 9.721000000000000000e+03 0.000000000000000000e+00
1.900000000000000000e+01 9.000000000000000000e+00 8.089820420000000000e+08 1.000000000000000000e+00 2.403000000000000000e+03 7.680000000000000160e-01 1.207300000000000000e+04 0.000000000000000000e+00
2.400000000000000000e+01 4.000000000000000000e+00 8.089825380000000000e+08 1.000000000000000000e+00 3.010000000000000000e+03 8.569999999999999840e-01 9.940000000000000000e+02 0.000000000000000000e+00
2.200000000000000000e+01 1.000000000000000000e+00 8.089825500000000000e+08 1.000000000000000000e+00 2.562000000000000000e+03 8.040000000000000480e-01 6.483000000000000000e+03 0.000000000000000000e+00
1.900000000000000000e+01 1.100000000000000000e+01 8.089825710000000000e+08 1.000000000000000000e+00 2.342000000000000000e+03 7.980000000000000426e-01 1.187000000000000000e+04 0.000000000000000000e+00
2.200000000000000000e+01 1.400000000000000000e+01 8.089826080000000000e+08 1.000000000000000000e+00 2.272000000000000000e+03 8.629999999999999893e-01 4.148000000000000000e+03 0.000000000000000000e+00
3.200000000000000000e+01 1.500000000000000000e+01 8.089826110000000000e+08 1.000000000000000000e+00 2.141000000000000000e+03 7.880000000000000338e-01 1.053500000000000000e+04 0.000000000000000000e+00
2.700000000000000000e+01 1.700000000000000000e+01 8.089827060000000000e+08 1.000000000000000000e+00 2.215000000000000000e+03 7.830000000000000293e-01 4.545000000000000000e+03 0.000000000000000000e+00
1.500000000000000000e+01 1.200000000000000000e+01 8.089838600000000000e+08 1.000000000000000000e+00 2.436000000000000000e+03 7.720000000000000195e-01 1.104700000000000000e+04 0.000000000000000000e+00
1.000000000000000000e+01 1.000000000000000000e+00 8.089842070000000000e+08 1.000000000000000000e+00 2.745000000000000000e+03 8.519999999999999796e-01 7.110000000000000000e+02 0.000000000000000000e+00
3.200000000000000000e+01 1.800000000000000000e+01 8.089845860000000000e+08 1.000000000000000000e+00 1.947000000000000000e+03 8.070000000000000506e-01 3.128000000000000000e+03 0.000000000000000000e+00
3.200000000000000000e+01 1.300000000000000000e+01 8.089845910000000000e+08 1.000000000000000000e+00 2.387000000000000000e+03 8.800000000000000044e-01 4.118000000000000000e+03 0.000000000000000000e+00
2.200000000000000000e+01 1.700000000000000000e+01 8.089845980000000000e+08 1.000000000000000000e+00 1.975000000000000000e+03 7.850000000000000311e-01 1.683000000000000000e+03 0.000000000000000000e+00
3.200000000000000000e+01 3.000000000000000000e+00 8.089846030000000000e+08 1.000000000000000000e+00 2.704000000000000000e+03 8.279999999999999583e-01 2.889000000000000000e+03 0.000000000000000000e+00
1.200000000000000000e+01 3.000000000000000000e+00 8.089846100000000000e+08 1.000000000000000000e+00 2.079000000000000000e+03 6.029999999999999805e-01 1.069000000000000000e+03 0.000000000000000000e+00
1.000000000000000000e+01 1.200000000000000000e+01 8.089846620000000000e+08 1.000000000000000000e+00 1.919000000000000000e+03 6.660000000000000364e-01 8.292000000000000000e+03 0.000000000000000000e+00
1.000000000000000000e+01 1.100000000000000000e+01 8.089847170000000000e+08 1.000000000000000000e+00 1.806000000000000000e+03 6.410000000000000142e-01 7.536000000000000000e+03 0.000000000000000000e+00
3.200000000000000000e+01 6.000000000000000000e+00 8.089847530000000000e+08 1.000000000000000000e+00 2.622000000000000000e+03 8.499999999999999778e-01 3.133000000000000000e+03 0.000000000000000000e+00
3.200000000000000000e+01 8.000000000000000000e+00 8.089850610000000000e+08 1.000000000000000000e+00 2.615000000000000000e+03 8.179999999999999494e-01 6.047000000000000000e+03 0.000000000000000000e+00
2.800000000000000000e+01 1.800000000000000000e+01 8.089850710000000000e+08 1.000000000000000000e+00 2.262000000000000000e+03 7.870000000000000329e-01 1.574000000000000000e+04 0.000000000000000000e+00
1.100000000000000000e+01 2.000000000000000000e+00 8.089857960000000000e+08 1.000000000000000000e+00 2.506000000000000000e+03 7.540000000000000036e-01 1.361700000000000000e+04 0.000000000000000000e+00
1.400000000000000000e+01 1.200000000000000000e+01 8.089858030000000000e+08 1.000000000000000000e+00 2.499000000000000000e+03 8.179999999999999494e-01 1.492000000000000000e+04 0.000000000000000000e+00
2.300000000000000000e+01 1.000000000000000000e+00 8.089863920000000000e+08 1.000000000000000000e+00 2.864000000000000000e+03 8.110000000000000542e-01 1.553100000000000000e+04 0.000000000000000000e+00
3.200000000000000000e+01 1.400000000000000000e+01 8.089864100000000000e+08 1.000000000000000000e+00 2.186000000000000000e+03 7.970000000000000417e-01 1.278000000000000000e+03 0.000000000000000000e+00
1.100000000000000000e+01 1.100000000000000000e+01 8.089864220000000000e+08 1.000000000000000000e+00 1.625000000000000000e+03 6.440000000000000169e-01 4.015000000000000000e+03 0.000000000000000000e+00
2.800000000000000000e+01 1.200000000000000000e+01 8.089867710000000000e+08 1.000000000000000000e+00 2.358000000000000000e+03 8.040000000000000480e-01 7.068000000000000000e+03 0.000000000000000000e+00
1.300000000000000000e+01 7.000000000000000000e+00 8.089870050000000000e+08 1.000000000000000000e+00 2.483000000000000000e+03 7.049999999999999600e-01 7.982000000000000000e+03 0.000000000000000000e+00
3.200000000000000000e+01 1.600000000000000000e+01 8.089870630000000000e+08 1.000000000000000000e+00 2.276000000000000000e+03 7.670000000000000151e-01 3.129000000000000000e+03 0.000000000000000000e+00
3.200000000000000000e+01 1.700000000000000000e+01 8.089870640000000000e+08 1.000000000000000000e+00 2.174000000000000000e+03 7.580000000000000071e-01 1.421500000000000000e+04 0.000000000000000000e+00
1.900000000000000000e+01 8.000000000000000000e+00 8.089870750000000000e+08 1.000000000000000000e+00 2.618000000000000000e+03 8.289999999999999591e-01 1.501000000000000000e+04 0.000000000000000000e+00
2.200000000000000000e+01 7.000000000000000000e+00 8.089870980000000000e+08 1.000000000000000000e+00 2.554000000000000000e+03 7.860000000000000320e-01 7.749000000000000000e+03 0.000000000000000000e+00
2.000000000000000000e+01 6.000000000000000000e+00 8.089871080000000000e+08 1.000000000000000000e+00 2.545000000000000000e+03 0.000000000000000000e+00 2.035600000000000000e+04 1.000000000000000000e+00
9.000000000000000000e+00 1.400000000000000000e+01 8.089871210000000000e+08 1.000000000000000000e+00 1.707000000000000000e+03 6.680000000000000382e-01 1.611000000000000000e+03 0.000000000000000000e+00
2.300000000000000000e+01 1.000000000000000000e+01 8.089877890000000000e+08 1.000000000000000000e+00 2.473000000000000000e+03 8.060000000000000497e-01 1.375400000000000000e+04 0.000000000000000000e+00
2.200000000000000000e+01 9.000000000000000000e+00 8.089879500000000000e+08 1.000000000000000000e+00 2.349000000000000000e+03 8.319999999999999618e-01 1.102600000000000000e+04 0.000000000000000000e+00
2.800000000000000000e+01 7.000000000000000000e+00 8.089882380000000000e+08 1.000000000000000000e+00 2.120000000000000000e+03 7.149999999999999689e-01 1.128400000000000000e+04 0.000000000000000000e+00
1.400000000000000000e+01 1.000000000000000000e+00 8.089899100000000000e+08 1.000000000000000000e+00 2.689000000000000000e+03 8.070000000000000506e-01 1.205100000000000000e+04 0.000000000000000000e+00
2.400000000000000000e+01 6.000000000000000000e+00 8.089918960000000000e+08 1.000000000000000000e+00 2.387000000000000000e+03 7.840000000000000302e-01 1.517000000000000000e+03 0.000000000000000000e+00
2.400000000000000000e+01 3.000000000000000000e+00 8.089919420000000000e+08 1.000000000000000000e+00 2.836000000000000000e+03 8.090000000000000524e-01 9.960000000000000000e+02 0.000000000000000000e+00
2.200000000000000000e+01 6.000000000000000000e+00 8.089919470000000000e+08 1.000000000000000000e+00 2.659000000000000000e+03 8.409999999999999698e-01 1.844000000000000000e+03 0.000000000000000000e+00
2.200000000000000000e+01 1.000000000000000000e+01 8.089919550000000000e+08 1.000000000000000000e+00 2.425000000000000000e+03 8.259999999999999565e-01 5.995000000000000000e+03 0.000000000000000000e+00
2.000000000000000000e+01 9.000000000000000000e+00 8.089919600000000000e+08 1.000000000000000000e+00 2.185000000000000000e+03 7.359999999999999876e-01 2.041300000000000000e+04 1.000000000000000000e+00
2.200000000000000000e+01 8.000000000000000000e+00 8.089919670000000000e+08 1.000000000000000000e+00 2.385000000000000000e+03 8.030000000000000471e-01 1.332000000000000000e+03 0.000000000000000000e+00
1.900000000000000000e+01 2.000000000000000000e+00 8.089919790000000000e+08 1.000000000000000000e+00 2.446000000000000000e+03 7.970000000000000417e-01 1.087700000000000000e+04 0.000000000000000000e+00
9.000000000000000000e+00 1.000000000000000000e+00 8.089926030000000000e+08 1.000000000000000000e+00 2.597000000000000000e+03 8.269999999999999574e-01 4.944000000000000000e+03 0.000000000000000000e+00
2.600000000000000000e+01 7.000000000000000000e+00 8.089930880000000000e+08 1.000000000000000000e+00 2.621000000000000000e+03 7.500000000000000000e-01 8.321000000000000000e+03 0.000000000000000000e+00
1.300000000000000000e+01 1.100000000000000000e+01 8.089930890000000000e+08 1.000000000000000000e+00 2.061000000000000000e+03 6.219999999999999973e-01 1.295100000000000000e+04 0.000000000000000000e+00
2.800000000000000000e+01 1.300000000000000000e+01 8.089935740000000000e+08 1.000000000000000000e+00 2.492000000000000000e+03 8.369999999999999662e-01 7.980000000000000000e+03 0.000000000000000000e+00
2.800000000000000000e+01 1.000000000000000000e+01 8.089935920000000000e+08 1.000000000000000000e+00 2.599000000000000000e+03 7.930000000000000382e-01 1.421000000000000000e+03 0.000000000000000000e+00
3.200000000000000000e+01 9.000000000000000000e+00 8.089945240000000000e+08 1.000000000000000000e+00 2.574000000000000000e+03 8.739999999999999991e-01 8.956000000000000000e+03 0.000000000000000000e+00
2.300000000000000000e+01 1.600000000000000000e+01 8.089946160000000000e+08 1.000000000000000000e+00 2.244000000000000000e+03 8.820000000000000062e-01 7.700000000000000000e+02 0.000000000000000000e+00
9.000000000000000000e+00 3.000000000000000000e+00 8.089954810000000000e+08 1.000000000000000000e+00 2.308000000000000000e+03 7.349999999999999867e-01 4.969000000000000000e+03 0.000000000000000000e+00
9.000000000000000000e+00 8.000000000000000000e+00 8.089964200000000000e+08 1.000000000000000000e+00 2.148000000000000000e+03 7.680000000000000160e-01 6.744000000000000000e+03 0.000000000000000000e+00
2.800000000000000000e+01 1.400000000000000000e+01 8.089972400000000000e+08 1.000000000000000000e+00 2.456000000000000000e+03 8.129999999999999449e-01 1.352400000000000000e+04 0.000000000000000000e+00
2.800000000000000000e+01 9.000000000000000000e+00 8.089972530000000000e+08 1.000000000000000000e+00 2.368000000000000000e+03 7.630000000000000115e-01 9.196000000000000000e+03 0.000000000000000000e+00
1.200000000000000000e+01 2.000000000000000000e+00 8.089984010000000000e+08 1.000000000000000000e+00 2.414000000000000000e+03 6.139999999999999902e-01 8.915000000000000000e+03 0.000000000000000000e+00
1.900000000000000000e+01 4.000000000000000000e+00 8.089987070000000000e+08 1.000000000000000000e+00 2.492000000000000000e+03 8.229999999999999538e-01 1.584500000000000000e+04 0.000000000000000000e+00
1.500000000000000000e+01 7.000000000000000000e+00 8.089988240000000000e+08 1.000000000000000000e+00 2.419000000000000000e+03 7.359999999999999876e-01 9.178000000000000000e+03 0.000000000000000000e+00
2.700000000000000000e+01 5.000000000000000000e+00 8.089989660000000000e+08 1.000000000000000000e+00 2.206000000000000000e+03 7.489999999999999991e-01 4.833000000000000000e+03 0.000000000000000000e+00
2.400000000000000000e+01 1.700000000000000000e+01 8.090007130000000000e+08 1.000000000000000000e+00 2.206000000000000000e+03 8.269999999999999574e-01 6.560000000000000000e+03 0.000000000000000000e+00
1.300000000000000000e+01 1.000000000000000000e+00 8.090031610000000000e+08 1.000000000000000000e+00 2.488000000000000000e+03 6.550000000000000266e-01 1.026100000000000000e+04 0.000000000000000000e+00
2.700000000000000000e+01 1.500000000000000000e+01 8.090037750000000000e+08 1.000000000000000000e+00 2.286000000000000000e+03 7.840000000000000302e-01 1.066200000000000000e+04 0.000000000000000000e+00
2.800000000000000000e+01 3.000000000000000000e+00 8.090042520000000000e+08 1.000000000000000000e+00 2.659000000000000000e+03 8.379999999999999671e-01 3.672000000000000000e+03 0.000000000000000000e+00
2.200000000000000000e+01 2.000000000000000000e+00 8.090061750000000000e+08 1.000000000000000000e+00 2.749000000000000000e+03 8.389999999999999680e-01 7.030000000000000000e+03 0.000000000000000000e+00
1.900000000000000000e+01 5.000000000000000000e+00 8.090076380000000000e+08 1.000000000000000000e+00 2.491000000000000000e+03 7.349999999999999867e-01 4.382000000000000000e+03 0.000000000000000000e+00
9.000000000000000000e+00 1.600000000000000000e+01 8.095032990000000000e+08 1.000000000000000000e+00 1.927000000000000000e+03 7.349999999999999867e-01 5.179000000000000000e+03 0.000000000000000000e+00
2.600000000000000000e+01 4.000000000000000000e+00 8.095034040000000000e+08 1.000000000000000000e+00 2.564000000000000000e+03 7.880000000000000338e-01 1.604000000000000000e+03 0.000000000000000000e+00
2.200000000000000000e+01 1.100000000000000000e+01 8.095034070000000000e+08 1.000000000000000000e+00 2.308000000000000000e+03 8.279999999999999583e-01 6.891000000000000000e+03 0.000000000000000000e+00
1.100000000000000000e+01 1.200000000000000000e+01 8.095206520000000000e+08 1.000000000000000000e+00 2.113000000000000000e+03 7.760000000000000231e-01 5.170000000000000000e+02 0.000000000000000000e+00
1.300000000000000000e+01 1.500000000000000000e+01 8.095208190000000000e+08 1.000000000000000000e+00 2.046000000000000000e+03 6.550000000000000266e-01 1.409300000000000000e+04 0.000000000000000000e+00
2.700000000000000000e+01 1.000000000000000000e+00 8.095214740000000000e+08 1.000000000000000000e+00 2.419000000000000000e+03 5.729999999999999538e-01 5.949000000000000000e+03 0.000000000000000000e+00
1.900000000000000000e+01 3.000000000000000000e+00 8.095244370000000000e+08 1.000000000000000000e+00 2.701000000000000000e+03 8.429999999999999716e-01 3.510000000000000000e+03 0.000000000000000000e+00
2.700000000000000000e+01 1.300000000000000000e+01 8.095244450000000000e+08 1.000000000000000000e+00 2.336000000000000000e+03 7.790000000000000258e-01 2.599000000000000000e+03 0.000000000000000000e+00
2.700000000000000000e+01 2.000000000000000000e+00 8.095260900000000000e+08 1.000000000000000000e+00 2.486000000000000000e+03 6.340000000000000080e-01 1.310000000000000000e+03 0.000000000000000000e+00
2.700000000000000000e+01 3.000000000000000000e+00 8.095261020000000000e+08 1.000000000000000000e+00 2.375000000000000000e+03 7.860000000000000320e-01 1.093300000000000000e+04 0.000000000000000000e+00
3.200000000000000000e+01 1.000000000000000000e+00 8.095261090000000000e+08 1.000000000000000000e+00 2.331000000000000000e+03 7.059999999999999609e-01 5.240000000000000000e+02 0.000000000000000000e+00
2.200000000000000000e+01 1.200000000000000000e+01 8.095261220000000000e+08 1.000000000000000000e+00 2.282000000000000000e+03 8.579999999999999849e-01 8.700000000000000000e+02 0.000000000000000000e+00
3.200000000000000000e+01 1.100000000000000000e+01 8.095386360000000000e+08 1.000000000000000000e+00 2.304000000000000000e+03 7.850000000000000311e-01 5.744000000000000000e+03 0.000000000000000000e+00
3.200000000000000000e+01 7.000000000000000000e+00 8.095386370000000000e+08 1.000000000000000000e+00 2.654000000000000000e+03 8.409999999999999698e-01 3.578000000000000000e+03 0.000000000000000000e+00
1.200000000000000000e+01 1.000000000000000000e+00 8.095386600000000000e+08 1.000000000000000000e+00 2.246000000000000000e+03 6.109999999999999876e-01 2.121000000000000000e+03 0.000000000000000000e+00
2.000000000000000000e+01 1.300000000000000000e+01 8.095387690000000000e+08 1.000000000000000000e+00 2.097000000000000000e+03 7.479999999999999982e-01 2.138700000000000000e+04 1.000000000000000000e+00
2.300000000000000000e+01 5.000000000000000000e+00 8.095387930000000000e+08 1.000000000000000000e+00 2.407000000000000000e+03 8.060000000000000497e-01 6.818000000000000000e+03 0.000000000000000000e+00
1.000000000000000000e+01 5.000000000000000000e+00 8.095388050000000000e+08 1.000000000000000000e+00 2.414000000000000000e+03 7.239999999999999769e-01 5.846000000000000000e+03 0.000000000000000000e+00
2.000000000000000000e+01 1.400000000000000000e+01 8.095487940000000000e+08 1.000000000000000000e+00 2.174000000000000000e+03 7.980000000000000426e-01 2.104900000000000000e+04 1.000000000000000000e+00
1.900000000000000000e+01 1.800000000000000000e+01 8.095487970000000000e+08 1.000000000000000000e+00 2.122000000000000000e+03 7.910000000000000364e-01 1.308900000000000000e+04 0.000000000000000000e+00
2.500000000000000000e+01 1.000000000000000000e+01 8.169190710000000000e+08 1.000000000000000000e+00 2.331000000000000000e+03 8.619999999999999885e-01 2.940000000000000000e+04 1.000000000000000000e+00
2.500000000000000000e+01 2.000000000000000000e+00 8.169191420000000000e+08 1.000000000000000000e+00 2.964000000000000000e+03 8.419999999999999707e-01 1.491000000000000000e+04 0.000000000000000000e+00
2.100000000000000000e+01 1.100000000000000000e+01 8.169191510000000000e+08 1.000000000000000000e+00 2.288000000000000000e+03 8.389999999999999680e-01 2.028600000000000000e+04 1.000000000000000000e+00
2.100000000000000000e+01 1.500000000000000000e+01 8.169191540000000000e+08 1.000000000000000000e+00 2.022000000000000000e+03 7.730000000000000204e-01 2.779100000000000000e+04 1.000000000000000000e+00
2.500000000000000000e+01 1.100000000000000000e+01 8.169197010000000000e+08 1.000000000000000000e+00 2.144000000000000000e+03 7.750000000000000222e-01 2.893200000000000000e+04 1.000000000000000000e+00
2.500000000000000000e+01 4.000000000000000000e+00 8.169284050000000000e+08 1.000000000000000000e+00 2.552000000000000000e+03 8.319999999999999618e-01 2.944400000000000000e+04 1.000000000000000000e+00
2.100000000000000000e+01 8.000000000000000000e+00 8.169299140000000000e+08 1.000000000000000000e+00 2.368000000000000000e+03 8.060000000000000497e-01 2.032100000000000000e+04 1.000000000000000000e+00
2.100000000000000000e+01 1.200000000000000000e+01 8.169299990000000000e+08 1.000000000000000000e+00 2.010000000000000000e+03 7.409999999999999920e-01 2.794700000000000000e+04 1.000000000000000000e+00
2.100000000000000000e+01 1.400000000000000000e+01 8.169308090000000000e+08 1.000000000000000000e+00 1.913000000000000000e+03 7.009999999999999565e-01 1.994500000000000000e+04 1.000000000000000000e+00
2.100000000000000000e+01 1.800000000000000000e+01 8.169435310000000000e+08 1.000000000000000000e+00 1.904000000000000000e+03 7.800000000000000266e-01 2.951800000000000000e+04 1.000000000000000000e+00
2.100000000000000000e+01 5.000000000000000000e+00 8.169641220000000000e+08 1.000000000000000000e+00 2.463000000000000000e+03 7.820000000000000284e-01 2.166100000000000000e+04 1.000000000000000000e+00
2.100000000000000000e+01 1.700000000000000000e+01 8.169785760000000000e+08 1.000000000000000000e+00 2.111000000000000000e+03 8.349999999999999645e-01 2.490100000000000000e+04 1.000000000000000000e+00
2.500000000000000000e+01 1.400000000000000000e+01 8.169785880000000000e+08 1.000000000000000000e+00 2.324000000000000000e+03 8.429999999999999716e-01 2.953800000000000000e+04 1.000000000000000000e+00
2.600000000000000000e+01 3.000000000000000000e+00 8.169823230000000000e+08 1.000000000000000000e+00 2.743000000000000000e+03 8.559999999999999831e-01 1.573400000000000000e+04 0.000000000000000000e+00
2.500000000000000000e+01 1.700000000000000000e+01 8.169857150000000000e+08 1.000000000000000000e+00 1.949000000000000000e+03 7.840000000000000302e-01 2.887700000000000000e+04 1.000000000000000000e+00
3.000000000000000000e+01 1.000000000000000000e+00 8.172848190000000000e+08 1.000000000000000000e+00 2.807000000000000000e+03 8.699999999999999956e-01 3.898500000000000000e+04 1.000000000000000000e+00
3.000000000000000000e+01 1.800000000000000000e+01 8.172875570000000000e+08 1.000000000000000000e+00 1.951000000000000000e+03 8.189999999999999503e-01 3.757300000000000000e+04 1.000000000000000000e+00
3.000000000000000000e+01 1.200000000000000000e+01 8.172934040000000000e+08 1.000000000000000000e+00 2.406000000000000000e+03 9.150000000000000355e-01 3.896700000000000000e+04 1.000000000000000000e+00
3.000000000000000000e+01 1.600000000000000000e+01 8.172972170000000000e+08 1.000000000000000000e+00 2.352000000000000000e+03 9.010000000000000231e-01 3.727400000000000000e+04 1.000000000000000000e+00
3.000000000000000000e+01 1.300000000000000000e+01 8.172994730000000000e+08 1.000000000000000000e+00 2.278000000000000000e+03 8.169999999999999485e-01 3.909700000000000000e+04 1.000000000000000000e+00
2.800000000000000000e+01 1.600000000000000000e+01 8.173007990000000000e+08 1.000000000000000000e+00 2.068000000000000000e+03 7.950000000000000400e-01 3.742400000000000000e+04 1.000000000000000000e+00
2.100000000000000000e+01 9.000000000000000000e+00 8.173023830000000000e+08 1.000000000000000000e+00 2.293000000000000000e+03 7.990000000000000435e-01 2.764400000000000000e+04 1.000000000000000000e+00
3.000000000000000000e+01 9.000000000000000000e+00 8.173036850000000000e+08 1.000000000000000000e+00 2.211000000000000000e+03 8.129999999999999449e-01 4.075100000000000000e+04 1.000000000000000000e+00
3.000000000000000000e+01 7.000000000000000000e+00 8.173037420000000000e+08 1.000000000000000000e+00 2.436000000000000000e+03 8.529999999999999805e-01 3.732600000000000000e+04 1.000000000000000000e+00
3.000000000000000000e+01 2.000000000000000000e+00 8.173055650000000000e+08 1.000000000000000000e+00 2.645000000000000000e+03 8.960000000000000187e-01 3.954000000000000000e+04 1.000000000000000000e+00
3.000000000000000000e+01 6.000000000000000000e+00 8.173121720000000000e+08 1.000000000000000000e+00 2.270000000000000000e+03 7.900000000000000355e-01 3.715700000000000000e+04 1.000000000000000000e+00
3.000000000000000000e+01 5.000000000000000000e+00 8.173175410000000000e+08 1.000000000000000000e+00 2.531000000000000000e+03 8.840000000000000080e-01 4.073300000000000000e+04 1.000000000000000000e+00
2.700000000000000000e+01 1.400000000000000000e+01 8.173180990000000000e+08 1.000000000000000000e+00 2.185000000000000000e+03 8.319999999999999618e-01 3.844500000000000000e+04 1.000000000000000000e+00
1.500000000000000000e+01 1.000000000000000000e+00 8.173181040000000000e+08 1.000000000000000000e+00 2.156000000000000000e+03 7.279999999999999805e-01 2.942700000000000000e+04 1.000000000000000000e+00
3.000000000000000000e+01 1.700000000000000000e+01 8.173189100000000000e+08 1.000000000000000000e+00 2.159000000000000000e+03 8.719999999999999973e-01 3.709700000000000000e+04 1.000000000000000000e+00
2.500000000000000000e+01 1.000000000000000000e+00 8.173190040000000000e+08 1.000000000000000000e+00 2.658000000000000000e+03 8.639999999999999902e-01 4.077800000000000000e+04 1.000000000000000000e+00
3.000000000000000000e+01 1.400000000000000000e+01 8.173198840000000000e+08 1.000000000000000000e+00 2.392000000000000000e+03 9.050000000000000266e-01 3.884600000000000000e+04 1.000000000000000000e+00
3.000000000000000000e+01 4.000000000000000000e+00 8.173202850000000000e+08 1.000000000000000000e+00 2.439000000000000000e+03 8.050000000000000488e-01 3.884300000000000000e+04 1.000000000000000000e+00
3.000000000000000000e+01 1.100000000000000000e+01 8.173203160000000000e+08 1.000000000000000000e+00 2.271000000000000000e+03 8.579999999999999849e-01 3.903800000000000000e+04 1.000000000000000000e+00
3.000000000000000000e+01 1.500000000000000000e+01 8.173311860000000000e+08 1.000000000000000000e+00 2.126000000000000000e+03 7.930000000000000382e-01 4.219900000000000000e+04 1.000000000000000000e+00
2.100000000000000000e+01 3.000000000000000000e+00 8.173338530000000000e+08 1.000000000000000000e+00 2.459000000000000000e+03 8.309999999999999609e-01 2.762600000000000000e+04 1.000000000000000000e+00
2.500000000000000000e+01 8.000000000000000000e+00 8.173358090000000000e+08 1.000000000000000000e+00 2.298000000000000000e+03 8.159999999999999476e-01 2.773800000000000000e+04 1.000000000000000000e+00
2.500000000000000000e+01 1.300000000000000000e+01 8.173429730000000000e+08 1.000000000000000000e+00 2.330000000000000000e+03 8.719999999999999973e-01 2.941600000000000000e+04 1.000000000000000000e+00
2.500000000000000000e+01 1.600000000000000000e+01 8.173442400000000000e+08 1.000000000000000000e+00 2.136000000000000000e+03 8.319999999999999618e-01 2.768500000000000000e+04 1.000000000000000000e+00
1.600000000000000000e+01 5.000000000000000000e+00 8.175651730000000000e+08 1.000000000000000000e+00 2.106000000000000000e+03 0.000000000000000000e+00 2.528700000000000000e+04 1.000000000000000000e+00
5.000000000000000000e+00 6.000000000000000000e+00 8.175657510000000000e+08 1.000000000000000000e+00 2.530000000000000000e+03 8.619999999999999885e-01 2.878700000000000000e+04 1.000000000000000000e+00
1.600000000000000000e+01 1.800000000000000000e+01 8.175657540000000000e+08 1.000000000000000000e+00 1.877000000000000000e+03 7.710000000000000187e-01 2.213200000000000000e+04 1.000000000000000000e+00
1.600000000000000000e+01 1.400000000000000000e+01 8.175657690000000000e+08 1.000000000000000000e+00 1.964000000000000000e+03 7.259999999999999787e-01 1.979500000000000000e+04 1.000000000000000000e+00
5.000000000000000000e+00 1.500000000000000000e+01 8.175692530000000000e+08 1.000000000000000000e+00 2.178000000000000000e+03 7.810000000000000275e-01 1.982300000000000000e+04 1.000000000000000000e+00
1.600000000000000000e+01 1.100000000000000000e+01 8.175697190000000000e+08 1.000000000000000000e+00 2.000000000000000000e+03 7.670000000000000151e-01 1.980800000000000000e+04 1.000000000000000000e+00
5.000000000000000000e+00 7.000000000000000000e+00 8.175697200000000000e+08 1.000000000000000000e+00 2.614000000000000000e+03 9.270000000000000462e-01 2.535300000000000000e+04 1.000000000000000000e+00
5.000000000000000000e+00 3.000000000000000000e+00 8.175818940000000000e+08 1.000000000000000000e+00 2.544000000000000000e+03 8.239999999999999547e-01 2.523700000000000000e+04 1.000000000000000000e+00
1.600000000000000000e+01 9.000000000000000000e+00 8.175838900000000000e+08 1.000000000000000000e+00 2.035000000000000000e+03 0.000000000000000000e+00 2.230300000000000000e+04 1.000000000000000000e+00
5.000000000000000000e+00 9.000000000000000000e+00 8.175892110000000000e+08 1.000000000000000000e+00 2.419000000000000000e+03 8.339999999999999636e-01 1.977600000000000000e+04 1.000000000000000000e+00
1.600000000000000000e+01 1.300000000000000000e+01 8.175953730000000000e+08 1.000000000000000000e+00 2.088000000000000000e+03 7.990000000000000435e-01 1.981300000000000000e+04 1.000000000000000000e+00
1.600000000000000000e+01 2.000000000000000000e+00 8.175954250000000000e+08 1.000000000000000000e+00 2.407000000000000000e+03 7.910000000000000364e-01 2.281600000000000000e+04 1.000000000000000000e+00
1.600000000000000000e+01 1.600000000000000000e+01 8.175954280000000000e+08 1.000000000000000000e+00 2.034000000000000000e+03 8.020000000000000462e-01 2.530600000000000000e+04 1.000000000000000000e+00
5.000000000000000000e+00 1.000000000000000000e+01 8.175954460000000000e+08 1.000000000000000000e+00 2.240000000000000000e+03 7.790000000000000258e-01 1.976900000000000000e+04 1.000000000000000000e+00
5.000000000000000000e+00 1.300000000000000000e+01 8.175954620000000000e+08 1.000000000000000000e+00 2.424000000000000000e+03 8.389999999999999680e-01 1.987900000000000000e+04 1.000000000000000000e+00
5.000000000000000000e+00 1.000000000000000000e+00 8.175971020000000000e+08 1.000000000000000000e+00 2.920000000000000000e+03 9.360000000000000542e-01 2.387200000000000000e+04 1.000000000000000000e+00
5.000000000000000000e+00 5.000000000000000000e+00 8.175971170000000000e+08 1.000000000000000000e+00 2.420000000000000000e+03 7.920000000000000373e-01 2.097900000000000000e+04 1.000000000000000000e+00
5.000000000000000000e+00 2.000000000000000000e+00 8.175971350000000000e+08 1.000000000000000000e+00 2.810000000000000000e+03 8.950000000000000178e-01 2.422200000000000000e+04 1.000000000000000000e+00
5.000000000000000000e+00 8.000000000000000000e+00 8.175971720000000000e+08 1.000000000000000000e+00 2.483000000000000000e+03 8.950000000000000178e-01 2.010500000000000000e+04 1.000000000000000000e+00
1.600000000000000000e+01 7.000000000000000000e+00 8.175972120000000000e+08 1.000000000000000000e+00 2.260000000000000000e+03 8.090000000000000524e-01 2.281500000000000000e+04 1.000000000000000000e+00
1.600000000000000000e+01 1.700000000000000000e+01 8.175972300000000000e+08 1.000000000000000000e+00 1.819000000000000000e+03 7.209999999999999742e-01 1.981800000000000000e+04 1.000000000000000000e+00
1.600000000000000000e+01 8.000000000000000000e+00 8.176064600000000000e+08 1.000000000000000000e+00 2.089000000000000000e+03 0.000000000000000000e+00 2.231100000000000000e+04 1.000000000000000000e+00
5.000000000000000000e+00 1.400000000000000000e+01 8.176071220000000000e+08 1.000000000000000000e+00 2.449000000000000000e+03 8.930000000000000160e-01 2.038800000000000000e+04 1.000000000000000000e+00
5.000000000000000000e+00 1.200000000000000000e+01 8.176071550000000000e+08 1.000000000000000000e+00 2.310000000000000000e+03 8.599999999999999867e-01 2.038700000000000000e+04 1.000000000000000000e+00
5.000000000000000000e+00 1.600000000000000000e+01 8.176080860000000000e+08 1.000000000000000000e+00 2.405000000000000000e+03 9.220000000000000417e-01 1.829600000000000000e+04 1.000000000000000000e+00
5.000000000000000000e+00 1.700000000000000000e+01 8.176081710000000000e+08 1.000000000000000000e+00 4.109000000000000000e+03 8.589999999999999858e-01 1.986700000000000000e+04 1.000000000000000000e+00
5.000000000000000000e+00 4.000000000000000000e+00 8.176081760000000000e+08 1.000000000000000000e+00 2.510000000000000000e+03 8.149999999999999467e-01 2.009900000000000000e+04 1.000000000000000000e+00
1.600000000000000000e+01 4.000000000000000000e+00 8.176125590000000000e+08 1.000000000000000000e+00 2.290000000000000000e+03 8.189999999999999503e-01 2.527900000000000000e+04 1.000000000000000000e+00
1.600000000000000000e+01 1.500000000000000000e+01 8.176164290000000000e+08 1.000000000000000000e+00 2.017000000000000000e+03 7.830000000000000293e-01 2.229900000000000000e+04 1.000000000000000000e+00
1.600000000000000000e+01 1.200000000000000000e+01 8.176164300000000000e+08 1.000000000000000000e+00 2.324000000000000000e+03 8.239999999999999547e-01 1.724900000000000000e+04 1.000000000000000000e+00
5.000000000000000000e+00 1.100000000000000000e+01 8.176188260000000000e+08 1.000000000000000000e+00 2.381000000000000000e+03 8.599999999999999867e-01 1.830600000000000000e+04 1.000000000000000000e+00
1.600000000000000000e+01 1.000000000000000000e+00 8.176201920000000000e+08 1.000000000000000000e+00 2.381000000000000000e+03 8.179999999999999494e-01 2.413600000000000000e+04 1.000000000000000000e+00
1.600000000000000000e+01 6.000000000000000000e+00 8.176201930000000000e+08 1.000000000000000000e+00 2.288000000000000000e+03 8.080000000000000515e-01 2.539700000000000000e+04 1.000000000000000000e+00
2.100000000000000000e+01 4.000000000000000000e+00 8.178012820000000000e+08 1.000000000000000000e+00 1.869000000000000000e+03 5.669999999999999485e-01 2.070000000000000000e+02 0.000000000000000000e+00
2.500000000000000000e+01 9.000000000000000000e+00 8.178022100000000000e+08 1.000000000000000000e+00 2.448000000000000000e+03 5.639999999999999458e-01 5.010000000000000000e+03 0.000000000000000000e+00
2.500000000000000000e+01 3.000000000000000000e+00 8.178022190000000000e+08 1.000000000000000000e+00 1.687000000000000000e+03 5.010000000000000009e-01 1.210000000000000000e+02 0.000000000000000000e+00
2.100000000000000000e+01 1.300000000000000000e+01 8.178022310000000000e+08 1.000000000000000000e+00 2.609000000000000000e+03 8.970000000000000195e-01 6.448000000000000000e+03 0.000000000000000000e+00
2.500000000000000000e+01 1.500000000000000000e+01 8.178022430000000000e+08 1.000000000000000000e+00 2.529000000000000000e+03 8.719999999999999973e-01 6.938000000000000000e+03 0.000000000000000000e+00
2.100000000000000000e+01 1.000000000000000000e+01 8.178023740000000000e+08 1.000000000000000000e+00 2.318000000000000000e+03 8.229999999999999538e-01 6.969000000000000000e+03 0.000000000000000000e+00
2.100000000000000000e+01 7.000000000000000000e+00 8.178042280000000000e+08 1.000000000000000000e+00 2.341000000000000000e+03 8.189999999999999503e-01 1.680000000000000000e+02 0.000000000000000000e+00
2.500000000000000000e+01 6.000000000000000000e+00 8.190057660000000000e+08 1.000000000000000000e+00 2.937000000000000000e+03 7.830000000000000293e-01 4.180000000000000000e+02 0.000000000000000000e+00
2.100000000000000000e+01 1.000000000000000000e+00 8.190065350000000000e+08 1.000000000000000000e+00 1.615000000000000000e+03 4.989999999999999991e-01 5.570000000000000000e+02 0.000000000000000000e+00
2.100000000000000000e+01 1.600000000000000000e+01 8.190473880000000000e+08 1.000000000000000000e+00 2.653000000000000000e+03 8.880000000000000115e-01 5.081000000000000000e+03 0.000000000000000000e+00
