5.000000000000000000e+00 1.000000000000000000e+00 8.175971020000000000e+08 2.100000000000000000e+01 1.809352941176470495e+03 8.760000000000000009e-01 2.486194117647058738e+04 1.000000000000000000e+00
5.000000000000000000e+00 2.000000000000000000e+00 8.175971350000000000e+08 2.100000000000000000e+01 1.950294117647058783e+03 9.314117647058823835e-01 2.300194117647058738e+04 1.000000000000000000e+00
5.000000000000000000e+00 3.000000000000000000e+00 8.175818940000000000e+08 2.100000000000000000e+01 1.945941176470588289e+03 9.422941176470587266e-01 2.199994117647058738e+04 1.000000000000000000e+00
5.000000000000000000e+00 4.000000000000000000e+00 8.176081760000000000e+08 2.100000000000000000e+01 1.837000000000000000e+03 9.168823529411764817e-01 2.370482352941176578e+04 1.000000000000000000e+00
5.000000000000000000e+00 5.000000000000000000e+00 8.175971170000000000e+08 2.100000000000000000e+01 1.835647058823529505e+03 9.161176470588234810e-01 2.704123529411764684e+04 1.000000000000000000e+00
5.000000000000000000e+00 6.000000000000000000e+00 8.175657510000000000e+08 2.100000000000000000e+01 1.770764705882352928e+03 9.112941176470589211e-01 2.786005882352941262e+04 1.000000000000000000e+00
5.000000000000000000e+00 7.000000000000000000e+00 8.175697200000000000e+08 2.100000000000000000e+01 1.842588235294117567e+03 1.014411764705882346e+00 2.417352941176470631e+04 1.000000000000000000e+00
5.000000000000000000e+00 8.000000000000000000e+00 8.175971720000000000e+08 2.100000000000000000e+01 1.700294117647058783e+03 9.070000000000000284e-01 2.302088235294117476e+04 1.000000000000000000e+00
5.000000000000000000e+00 9.000000000000000000e+00 8.175892110000000000e+08 2.100000000000000000e+01 1.693588235294117567e+03 9.318235294117647172e-01 2.283105882352941262e+04 1.000000000000000000e+00
5.000000000000000000e+00 1.000000000000000000e+01 8.175954460000000000e+08 2.100000000000000000e+01 1.683117647058823422e+03 9.359411764705881653e-01 2.134952941176470631e+04 1.000000000000000000e+00
5.000000000000000000e+00 1.100000000000000000e+01 8.176188260000000000e+08 2.100000000000000000e+01 1.631529411764705856e+03 9.337647058823528301e-01 2.632235294117647209e+04 1.000000000000000000e+00
5.000000000000000000e+00 1.200000000000000000e+01 8.176071550000000000e+08 2.100000000000000000e+01 1.651058823529411711e+03 9.560588235294117387e-01 2.556570588235294053e+04 1.000000000000000000e+00
5.000000000000000000e+00 1.300000000000000000e+01 8.175954620000000000e+08 2.100000000000000000e+01 1.590235294117647072e+03 9.269999999999999352e-01 2.730729411764705947e+04 1.000000000000000000e+00
5.000000000000000000e+00 1.400000000000000000e+01 8.176071220000000000e+08 2.100000000000000000e+01 1.601529411764705856e+03 9.419999999999999485e-01 2.140241176470588107e+04 1.000000000000000000e+00
5.000000000000000000e+00 1.500000000000000000e+01 8.175692530000000000e+08 2.100000000000000000e+01 1.539647058823529505e+03 9.282941176470589362e-01 2.355458823529411893e+04 1.000000000000000000e+00
5.000000000000000000e+00 1.600000000000000000e+01 8.176080860000000000e+08 2.100000000000000000e+01 1.524941176470588289e+03 9.487647058823528434e-01 2.665800000000000000e+04 1.000000000000000000e+00
5.000000000000000000e+00 1.700000000000000000e+01 8.176081710000000000e+08 2.100000000000000000e+01 1.477235294117647072e+03 9.243529411764705994e-01 2.742376470588235316e+04 1.000000000000000000e+00
9.000000000000000000e+00 1.000000000000000000e+00 8.089926030000000000e+08 2.100000000000000000e+01 2.208647058823529278e+03 1.058000000000000052e+00 5.654294117647058556e+03 0.000000000000000000e+00
9.000000000000000000e+00 2.000000000000000000e+00 8.089749280000000000e+08 2.100000000000000000e+01 2.189588235294117567e+03 1.043941176470588150e+00 4.934411764705881978e+03 0.000000000000000000e+00
9.000000000000000000e+00 3.000000000000000000e+00 8.089954810000000000e+08 2.100000000000000000e+01 2.369058823529411711e+03 1.042529411764705927e+00 4.568352941176470267e+03 0.000000000000000000e+00
9.000000000000000000e+00 4.000000000000000000e+00 8.089662870000000000e+08 2.100000000000000000e+01 2.138058823529411711e+03 1.064764705882353057e+00 5.786705882352941444e+03 0.000000000000000000e+00
9.000000000000000000e+00 5.000000000000000000e+00 8.084675690000000000e+08 2.100000000000000000e+01 2.064117647058823422e+03 1.044941176470588262e+00 5.865941176470588289e+03 0.000000000000000000e+00
9.000000000000000000e+00 6.000000000000000000e+00 8.084300360000000000e+08 2.100000000000000000e+01 2.010882352941176578e+03 1.039823529411764591e+00 6.618294117647058556e+03 0.000000000000000000e+00
9.000000000000000000e+00 7.000000000000000000e+00 8.084305710000000000e+08 2.100000000000000000e+01 2.053235294117646845e+03 1.061823529411764833e+00 5.687764705882353155e+03 0.000000000000000000e+00
9.000000000000000000e+00 8.000000000000000000e+00 8.089964200000000000e+08 2.100000000000000000e+01 1.993000000000000000e+03 1.042235294117646927e+00 4.047294117647059011e+03 0.000000000000000000e+00
9.000000000000000000e+00 1.000000000000000000e+01 8.089659180000000000e+08 2.100000000000000000e+01 1.846411764705882433e+03 1.020235294117646907e+00 4.981882352941176578e+03 0.000000000000000000e+00
9.000000000000000000e+00 1.100000000000000000e+01 8.084470910000000000e+08 2.100000000000000000e+01 1.780176470588235361e+03 1.053882352941176492e+00 2.972411764705882433e+03 0.000000000000000000e+00
9.000000000000000000e+00 1.300000000000000000e+01 8.084683650000000000e+08 2.100000000000000000e+01 1.851823529411764639e+03 1.073235294117647065e+00 4.527352941176470267e+03 0.000000000000000000e+00
9.000000000000000000e+00 1.400000000000000000e+01 8.089871210000000000e+08 2.100000000000000000e+01 1.735470588235294144e+03 1.080647058823529516e+00 4.521882352941176578e+03 0.000000000000000000e+00
9.000000000000000000e+00 1.500000000000000000e+01 8.084742310000000000e+08 2.100000000000000000e+01 1.683529411764705856e+03 1.029352941176470582e+00 3.541647058823529278e+03 0.000000000000000000e+00
9.000000000000000000e+00 1.600000000000000000e+01 8.095032990000000000e+08 2.100000000000000000e+01 1.706411764705882433e+03 1.055058823529411827e+00 3.181411764705882433e+03 0.000000000000000000e+00
9.000000000000000000e+00 1.700000000000000000e+01 8.089725860000000000e+08 2.100000000000000000e+01 1.573529411764705856e+03 9.921764705882353264e-01 5.457529411764706310e+03 0.000000000000000000e+00
1.000000000000000000e+01 1.000000000000000000e+00 8.089842070000000000e+08 2.100000000000000000e+01 2.005176470588235361e+03 9.905294117647057694e-01 3.463058823529411711e+03 0.000000000000000000e+00
1.000000000000000000e+01 2.000000000000000000e+00 8.084742440000000000e+08 2.100000000000000000e+01 2.084764705882353155e+03 1.032352941176470917e+00 5.261529411764706310e+03 0.000000000000000000e+00
1.000000000000000000e+01 3.000000000000000000e+00 8.089594030000000000e+08 2.100000000000000000e+01 1.993058823529411711e+03 1.023647058823529354e+00 3.951176470588235134e+03 0.000000000000000000e+00
1.000000000000000000e+01 4.000000000000000000e+00 8.089643220000000000e+08 2.100000000000000000e+01 1.974470588235294144e+03 1.024941176470588244e+00 5.745764705882353155e+03 0.000000000000000000e+00
1.000000000000000000e+01 5.000000000000000000e+00 8.095388050000000000e+08 2.100000000000000000e+01 1.846882352941176578e+03 9.732941176470587541e-01 4.313764705882353155e+03 0.000000000000000000e+00
1.000000000000000000e+01 6.000000000000000000e+00 8.064688340000000000e+08 2.100000000000000000e+01 1.894235294117647072e+03 1.013117647058823456e+00 4.815588235294118022e+03 0.000000000000000000e+00
1.000000000000000000e+01 7.000000000000000000e+00 8.089649250000000000e+08 2.100000000000000000e+01 1.732705882352941217e+03 8.686470588235294388e-01 1.034505882352941262e+04 0.000000000000000000e+00
1.000000000000000000e+01 8.000000000000000000e+00 8.084742430000000000e+08 2.100000000000000000e+01 1.632705882352941217e+03 8.531176470588235361e-01 1.154623529411764684e+04 0.000000000000000000e+00
1.000000000000000000e+01 9.000000000000000000e+00 8.084470660000000000e+08 2.100000000000000000e+01 1.603000000000000000e+03 8.185882352941176165e-01 1.388382352941176396e+04 0.000000000000000000e+00
1.000000000000000000e+01 1.000000000000000000e+01 8.089786460000000000e+08 2.100000000000000000e+01 1.569941176470588289e+03 8.337647058823529633e-01 1.361623529411764684e+04 0.000000000000000000e+00
1.000000000000000000e+01 1.100000000000000000e+01 8.089847170000000000e+08 2.100000000000000000e+01 1.529764705882352928e+03 8.421176470588234153e-01 1.292664705882352973e+04 0.000000000000000000e+00
1.000000000000000000e+01 1.200000000000000000e+01 8.089846620000000000e+08 2.100000000000000000e+01 1.521823529411764639e+03 8.757647058823530006e-01 1.025058823529411711e+04 0.000000000000000000e+00
1.000000000000000000e+01 1.300000000000000000e+01 8.089499900000000000e+08 2.100000000000000000e+01 1.556470588235294144e+03 8.672941176470587710e-01 1.327041176470588289e+04 0.000000000000000000e+00
1.000000000000000000e+01 1.400000000000000000e+01 8.089813690000000000e+08 2.100000000000000000e+01 1.476764705882352928e+03 8.579999999999998739e-01 1.203229411764705947e+04 0.000000000000000000e+00
1.000000000000000000e+01 1.500000000000000000e+01 8.084746020000000000e+08 2.100000000000000000e+01 1.337470588235294144e+03 7.975294117647058201e-01 1.071747058823529369e+04 0.000000000000000000e+00
1.000000000000000000e+01 1.600000000000000000e+01 8.089770150000000000e+08 2.100000000000000000e+01 1.561941176470588289e+03 9.852352941176467649e-01 4.535705882352941444e+03 0.000000000000000000e+00
1.000000000000000000e+01 1.700000000000000000e+01 8.089617160000000000e+08 2.100000000000000000e+01 1.579647058823529505e+03 9.984705882352941098e-01 7.158058823529411711e+03 0.000000000000000000e+00
1.000000000000000000e+01 1.800000000000000000e+01 8.084804860000000000e+08 2.100000000000000000e+01 1.544294117647058783e+03 1.024882352941176356e+00 5.201000000000000000e+03 0.000000000000000000e+00
1.100000000000000000e+01 2.000000000000000000e+00 8.089857960000000000e+08 2.100000000000000000e+01 1.889941176470588289e+03 9.695294117647058618e-01 1.272000000000000000e+04 0.000000000000000000e+00
1.100000000000000000e+01 3.000000000000000000e+00 8.089649130000000000e+08 2.100000000000000000e+01 2.062176470588235134e+03 9.857058823529410985e-01 1.369470588235294053e+04 0.000000000000000000e+00
1.100000000000000000e+01 4.000000000000000000e+00 8.084470520000000000e+08 2.100000000000000000e+01 1.959529411764705856e+03 9.772941176470588687e-01 1.376358823529411711e+04 0.000000000000000000e+00
1.100000000000000000e+01 5.000000000000000000e+00 8.089739360000000000e+08 2.100000000000000000e+01 1.941647058823529505e+03 1.005882352941176450e+00 9.208176470588236043e+03 0.000000000000000000e+00
1.100000000000000000e+01 6.000000000000000000e+00 8.089603300000000000e+08 2.100000000000000000e+01 1.909058823529411711e+03 1.002529411764705891e+00 1.292347058823529369e+04 0.000000000000000000e+00
1.100000000000000000e+01 7.000000000000000000e+00 8.089649320000000000e+08 2.100000000000000000e+01 1.888000000000000000e+03 9.961176470588235521e-01 9.463647058823529733e+03 0.000000000000000000e+00
1.100000000000000000e+01 8.000000000000000000e+00 8.089750100000000000e+08 2.100000000000000000e+01 1.895294117647058783e+03 1.004117647058823559e+00 3.240882352941176578e+03 0.000000000000000000e+00
1.100000000000000000e+01 9.000000000000000000e+00 8.089785570000000000e+08 2.100000000000000000e+01 1.634000000000000000e+03 9.330588235294117183e-01 1.216605882352941262e+04 0.000000000000000000e+00
1.100000000000000000e+01 1.100000000000000000e+01 8.089864220000000000e+08 2.100000000000000000e+01 1.749000000000000000e+03 1.021470588235294130e+00 1.066182352941176396e+04 0.000000000000000000e+00
1.100000000000000000e+01 1.200000000000000000e+01 8.095206520000000000e+08 2.100000000000000000e+01 1.590411764705882433e+03 9.723529411764704200e-01 5.325882352941176805e+02 0.000000000000000000e+00
1.100000000000000000e+01 1.400000000000000000e+01 8.089762060000000000e+08 2.100000000000000000e+01 1.527000000000000000e+03 9.725882352941175313e-01 9.931588235294117112e+03 0.000000000000000000e+00
1.100000000000000000e+01 1.500000000000000000e+01 8.084805250000000000e+08 2.100000000000000000e+01 1.581176470588235361e+03 1.022882352941176354e+00 6.168647058823529733e+03 0.000000000000000000e+00
1.100000000000000000e+01 1.600000000000000000e+01 8.089583220000000000e+08 2.100000000000000000e+01 1.465588235294117567e+03 9.850588235294118755e-01 1.528358823529411711e+04 0.000000000000000000e+00
1.100000000000000000e+01 1.700000000000000000e+01 8.084406910000000000e+08 2.100000000000000000e+01 1.577235294117647072e+03 1.006705882352941117e+00 1.207723529411764684e+04 0.000000000000000000e+00
1.100000000000000000e+01 1.800000000000000000e+01 8.089726050000000000e+08 2.100000000000000000e+01 1.615647058823529505e+03 1.044117647058823373e+00 1.036517647058823604e+04 0.000000000000000000e+00
1.200000000000000000e+01 1.000000000000000000e+00 8.095386600000000000e+08 2.100000000000000000e+01 1.883764705882352928e+03 8.506470588235295338e-01 5.892000000000000000e+03 0.000000000000000000e+00
1.200000000000000000e+01 2.000000000000000000e+00 8.089984010000000000e+08 2.100000000000000000e+01 2.027411764705882433e+03 9.790000000000000924e-01 1.254982352941176396e+04 0.000000000000000000e+00
1.200000000000000000e+01 3.000000000000000000e+00 8.089846100000000000e+08 2.100000000000000000e+01 1.890411764705882433e+03 7.975294117647057091e-01 4.892176470588235134e+03 0.000000000000000000e+00
1.200000000000000000e+01 4.000000000000000000e+00 8.084328230000000000e+08 2.100000000000000000e+01 1.820882352941176578e+03 8.263529411764706234e-01 1.058823529411764684e+04 0.000000000000000000e+00
1.200000000000000000e+01 5.000000000000000000e+00 8.084437330000000000e+08 2.100000000000000000e+01 1.835470588235294144e+03 8.253529411764705115e-01 1.162435294117647027e+04 0.000000000000000000e+00
1.200000000000000000e+01 6.000000000000000000e+00 8.084555170000000000e+08 2.100000000000000000e+01 1.821000000000000000e+03 8.467058823529410860e-01 1.411870588235294053e+04 0.000000000000000000e+00
1.200000000000000000e+01 7.000000000000000000e+00 8.089713050000000000e+08 2.100000000000000000e+01 1.788823529411764639e+03 8.323529411764706287e-01 1.413211764705882342e+04 0.000000000000000000e+00
1.200000000000000000e+01 8.000000000000000000e+00 8.089475050000000000e+08 2.100000000000000000e+01 1.705529411764705856e+03 8.638235294117648788e-01 1.226017647058823604e+04 0.000000000000000000e+00
1.200000000000000000e+01 9.000000000000000000e+00 8.089811210000000000e+08 2.100000000000000000e+01 1.736647058823529505e+03 8.477647058823530868e-01 8.182117647058823422e+03 0.000000000000000000e+00
1.200000000000000000e+01 1.000000000000000000e+01 8.089719360000000000e+08 2.100000000000000000e+01 1.665000000000000000e+03 8.427647058823529713e-01 8.854647058823529733e+03 0.000000000000000000e+00
1.200000000000000000e+01 1.100000000000000000e+01 8.089762320000000000e+08 2.100000000000000000e+01 1.645588235294117567e+03 7.889411764705881458e-01 1.156470588235294053e+04 0.000000000000000000e+00
1.200000000000000000e+01 1.300000000000000000e+01 8.084767250000000000e+08 2.100000000000000000e+01 1.489294117647058783e+03 7.980588235294119315e-01 9.065117647058823422e+03 0.000000000000000000e+00
1.200000000000000000e+01 1.400000000000000000e+01 8.084745930000000000e+08 2.100000000000000000e+01 1.629294117647058783e+03 8.307058823529411828e-01 1.205200000000000000e+04 0.000000000000000000e+00
1.200000000000000000e+01 1.500000000000000000e+01 8.089815030000000000e+08 2.100000000000000000e+01 1.470647058823529505e+03 7.620588235294117885e-01 9.692647058823529733e+03 0.000000000000000000e+00
1.200000000000000000e+01 1.600000000000000000e+01 8.089648760000000000e+08 2.100000000000000000e+01 1.455882352941176578e+03 8.431176470588234162e-01 1.291658823529411711e+04 0.000000000000000000e+00
1.200000000000000000e+01 1.700000000000000000e+01 8.089585880000000000e+08 2.100000000000000000e+01 1.425117647058823422e+03 8.209411764705881742e-01 1.273011764705882342e+04 0.000000000000000000e+00
1.200000000000000000e+01 1.800000000000000000e+01 8.064515840000000000e+08 2.100000000000000000e+01 1.389588235294117567e+03 8.067058823529411615e-01 1.080970588235294053e+04 0.000000000000000000e+00
1.300000000000000000e+01 1.000000000000000000e+00 8.090031610000000000e+08 2.100000000000000000e+01 2.110058823529411711e+03 9.748823529411765332e-01 1.219064705882352973e+04 0.000000000000000000e+00
1.300000000000000000e+01 3.000000000000000000e+00 8.089723460000000000e+08 2.100000000000000000e+01 2.041529411764705856e+03 9.730588235294118649e-01 1.402641176470588289e+04 0.000000000000000000e+00
1.300000000000000000e+01 4.000000000000000000e+00 8.084653420000000000e+08 2.100000000000000000e+01 1.958294117647058783e+03 1.028999999999999915e+00 1.248611764705882342e+04 0.000000000000000000e+00
1.300000000000000000e+01 5.000000000000000000e+00 8.089604520000000000e+08 2.100000000000000000e+01 1.872176470588235361e+03 9.149999999999999245e-01 1.038405882352941262e+04 0.000000000000000000e+00
1.300000000000000000e+01 6.000000000000000000e+00 8.089719370000000000e+08 2.100000000000000000e+01 1.936176470588235361e+03 9.974705882352939978e-01 1.068529411764705947e+04 0.000000000000000000e+00
1.300000000000000000e+01 7.000000000000000000e+00 8.089870050000000000e+08 2.100000000000000000e+01 2.162588235294117567e+03 9.957647058823527741e-01 1.168952941176470631e+04 0.000000000000000000e+00
1.300000000000000000e+01 8.000000000000000000e+00 8.089812110000000000e+08 2.100000000000000000e+01 1.906176470588235361e+03 1.035999999999999810e+00 1.322376470588235316e+04 0.000000000000000000e+00
1.300000000000000000e+01 9.000000000000000000e+00 8.064595970000000000e+08 2.100000000000000000e+01 1.707117647058823422e+03 9.403529411764705026e-01 5.325000000000000000e+03 0.000000000000000000e+00
1.300000000000000000e+01 1.000000000000000000e+01 8.089524990000000000e+08 2.100000000000000000e+01 1.743823529411764639e+03 9.768823529411764239e-01 1.360288235294117658e+04 0.000000000000000000e+00
1.300000000000000000e+01 1.100000000000000000e+01 8.089930890000000000e+08 2.100000000000000000e+01 1.725588235294117567e+03 9.754117647058822005e-01 9.963058823529412621e+03 0.000000000000000000e+00
1.300000000000000000e+01 1.200000000000000000e+01 8.089818390000000000e+08 2.100000000000000000e+01 1.671294117647058783e+03 9.861176470588235432e-01 1.382800000000000000e+04 0.000000000000000000e+00
1.300000000000000000e+01 1.300000000000000000e+01 8.089585910000000000e+08 2.100000000000000000e+01 1.707882352941176578e+03 1.046411764705882375e+00 8.975705882352940534e+03 0.000000000000000000e+00
1.300000000000000000e+01 1.500000000000000000e+01 8.095208190000000000e+08 2.100000000000000000e+01 1.576117647058823422e+03 9.621176470588231888e-01 1.229700000000000000e+04 0.000000000000000000e+00
1.300000000000000000e+01 1.600000000000000000e+01 8.089716300000000000e+08 2.100000000000000000e+01 1.660529411764705856e+03 1.036764705882353255e+00 1.288088235294117658e+04 0.000000000000000000e+00
1.300000000000000000e+01 1.700000000000000000e+01 8.089583720000000000e+08 2.100000000000000000e+01 1.642000000000000000e+03 9.794117647058823151e-01 1.204011764705882342e+04 0.000000000000000000e+00
1.300000000000000000e+01 1.800000000000000000e+01 8.089573780000000000e+08 2.100000000000000000e+01 1.520470588235294144e+03 9.377058823529411669e-01 1.185017647058823604e+04 0.000000000000000000e+00
1.400000000000000000e+01 1.000000000000000000e+00 8.089899100000000000e+08 2.100000000000000000e+01 2.020705882352941217e+03 9.891176470588234348e-01 1.157894117647058738e+04 0.000000000000000000e+00
1.400000000000000000e+01 2.000000000000000000e+00 8.089724570000000000e+08 2.100000000000000000e+01 2.088823529411764866e+03 1.010411764705882343e+00 1.038541176470588289e+04 0.000000000000000000e+00
1.400000000000000000e+01 3.000000000000000000e+00 8.084470940000000000e+08 2.100000000000000000e+01 2.064764705882353155e+03 1.006470588235294006e+00 1.014011764705882342e+04 0.000000000000000000e+00
1.400000000000000000e+01 4.000000000000000000e+00 8.089597310000000000e+08 2.100000000000000000e+01 1.937705882352941217e+03 9.830000000000000959e-01 1.052764705882352973e+04 0.000000000000000000e+00
1.400000000000000000e+01 5.000000000000000000e+00 8.089799130000000000e+08 2.100000000000000000e+01 1.948588235294117567e+03 1.004705882352941337e+00 1.456405882352941262e+04 0.000000000000000000e+00
1.400000000000000000e+01 6.000000000000000000e+00 8.084852500000000000e+08 2.100000000000000000e+01 1.922411764705882433e+03 1.006588235294117784e+00 1.394147058823529369e+04 0.000000000000000000e+00
1.400000000000000000e+01 7.000000000000000000e+00 8.084517820000000000e+08 2.100000000000000000e+01 1.855764705882352928e+03 9.990588235294118880e-01 1.066164705882352973e+04 0.000000000000000000e+00
1.400000000000000000e+01 9.000000000000000000e+00 8.084703730000000000e+08 2.100000000000000000e+01 1.733058823529411711e+03 1.001823529411764779e+00 1.200123529411764684e+04 0.000000000000000000e+00
1.400000000000000000e+01 1.000000000000000000e+01 8.089612610000000000e+08 2.100000000000000000e+01 1.716823529411764639e+03 1.023882352941176466e+00 1.145741176470588289e+04 0.000000000000000000e+00
1.400000000000000000e+01 1.100000000000000000e+01 8.089762330000000000e+08 2.100000000000000000e+01 1.706235294117647072e+03 9.538235294117647367e-01 1.275635294117647027e+04 0.000000000000000000e+00
1.400000000000000000e+01 1.200000000000000000e+01 8.089858030000000000e+08 2.100000000000000000e+01 1.683941176470588289e+03 9.840000000000000968e-01 1.138958823529411711e+04 0.000000000000000000e+00
1.400000000000000000e+01 1.300000000000000000e+01 8.089762650000000000e+08 2.100000000000000000e+01 1.644058823529411711e+03 9.872941176470589886e-01 1.336241176470588289e+04 0.000000000000000000e+00
1.400000000000000000e+01 1.400000000000000000e+01 8.064812180000000000e+08 2.100000000000000000e+01 1.633000000000000000e+03 1.022705882352941131e+00 1.436094117647058738e+04 0.000000000000000000e+00
1.400000000000000000e+01 1.500000000000000000e+01 8.064833620000000000e+08 2.100000000000000000e+01 1.650058823529411711e+03 9.987058823529411100e-01 1.448611764705882342e+04 0.000000000000000000e+00
1.400000000000000000e+01 1.600000000000000000e+01 8.089761600000000000e+08 2.100000000000000000e+01 1.564705882352941217e+03 1.004235294117647115e+00 1.395417647058823604e+04 0.000000000000000000e+00
1.400000000000000000e+01 1.700000000000000000e+01 8.089763520000000000e+08 2.100000000000000000e+01 1.602941176470588289e+03 1.005882352941176450e+00 1.470276470588235316e+04 0.000000000000000000e+00
1.400000000000000000e+01 1.800000000000000000e+01 8.089763190000000000e+08 2.100000000000000000e+01 1.515352941176470495e+03 9.916470588235294370e-01 1.368847058823529369e+04 0.000000000000000000e+00
1.500000000000000000e+01 1.000000000000000000e+00 8.173181040000000000e+08 2.100000000000000000e+01 1.387294117647058783e+03 8.190588235294116171e-01 2.849258823529411893e+04 1.000000000000000000e+00
1.500000000000000000e+01 2.000000000000000000e+00 8.089648080000000000e+08 2.100000000000000000e+01 2.136000000000000000e+03 1.012647058823529678e+00 1.021229411764705947e+04 0.000000000000000000e+00
1.500000000000000000e+01 3.000000000000000000e+00 8.084471040000000000e+08 2.100000000000000000e+01 2.000294117647058783e+03 9.953529411764707735e-01 1.131770588235294053e+04 0.000000000000000000e+00
1.500000000000000000e+01 4.000000000000000000e+00 8.089717660000000000e+08 2.100000000000000000e+01 1.944352941176470495e+03 9.884705882352939899e-01 1.147294117647058738e+04 0.000000000000000000e+00
1.500000000000000000e+01 5.000000000000000000e+00 8.084516890000000000e+08 2.100000000000000000e+01 2.024823529411764639e+03 1.018705882352941128e+00 1.257300000000000000e+04 0.000000000000000000e+00
1.500000000000000000e+01 6.000000000000000000e+00 8.089470030000000000e+08 2.100000000000000000e+01 1.876941176470588289e+03 1.006588235294117561e+00 1.375717647058823604e+04 0.000000000000000000e+00
1.500000000000000000e+01 7.000000000000000000e+00 8.089988240000000000e+08 2.100000000000000000e+01 1.917117647058823422e+03 1.023352941176470576e+00 7.488000000000000000e+03 0.000000000000000000e+00
1.500000000000000000e+01 8.000000000000000000e+00 8.089536590000000000e+08 2.100000000000000000e+01 1.714352941176470495e+03 9.651176470588237466e-01 7.685235294117646845e+03 0.000000000000000000e+00
1.500000000000000000e+01 9.000000000000000000e+00 8.089762070000000000e+08 2.100000000000000000e+01 1.707000000000000000e+03 9.813529411764705390e-01 1.215670588235294053e+04 0.000000000000000000e+00
1.500000000000000000e+01 1.100000000000000000e+01 8.089716330000000000e+08 2.100000000000000000e+01 1.570764705882352928e+03 9.704117647058823071e-01 1.199264705882352973e+04 0.000000000000000000e+00
1.500000000000000000e+01 1.200000000000000000e+01 8.089838600000000000e+08 2.100000000000000000e+01 1.651647058823529505e+03 1.007294117647058673e+00 1.026652941176470631e+04 0.000000000000000000e+00
1.500000000000000000e+01 1.300000000000000000e+01 8.084554930000000000e+08 2.100000000000000000e+01 1.551000000000000000e+03 9.624117647058821889e-01 1.056264705882352973e+04 0.000000000000000000e+00
1.500000000000000000e+01 1.400000000000000000e+01 8.089762930000000000e+08 2.100000000000000000e+01 1.548941176470588289e+03 9.722941176470586422e-01 1.243900000000000000e+04 0.000000000000000000e+00
1.500000000000000000e+01 1.500000000000000000e+01 8.089569260000000000e+08 2.100000000000000000e+01 1.527117647058823422e+03 9.525882352941176245e-01 1.173011764705882342e+04 0.000000000000000000e+00
1.500000000000000000e+01 1.600000000000000000e+01 8.089762520000000000e+08 2.100000000000000000e+01 1.534117647058823422e+03 9.628823529411764115e-01 1.453011764705882342e+04 0.000000000000000000e+00
1.500000000000000000e+01 1.700000000000000000e+01 8.089718030000000000e+08 2.100000000000000000e+01 1.528470588235294144e+03 9.596470588235294086e-01 9.811411764705882888e+03 0.000000000000000000e+00
1.500000000000000000e+01 1.800000000000000000e+01 8.084743730000000000e+08 2.100000000000000000e+01 1.509117647058823422e+03 9.627058823529411891e-01 1.140335294117647027e+04 0.000000000000000000e+00
1.600000000000000000e+01 1.000000000000000000e+00 8.176201920000000000e+08 2.100000000000000000e+01 1.830529411764705856e+03 9.658823529411765252e-01 2.454552941176470631e+04 1.000000000000000000e+00
1.600000000000000000e+01 2.000000000000000000e+00 8.175954250000000000e+08 2.100000000000000000e+01 1.801117647058823422e+03 9.567647058823529616e-01 2.734347058823529369e+04 1.000000000000000000e+00
1.600000000000000000e+01 4.000000000000000000e+00 8.176125590000000000e+08 2.100000000000000000e+01 1.762294117647058783e+03 9.740588235294116437e-01 2.276658823529411893e+04 1.000000000000000000e+00
1.600000000000000000e+01 5.000000000000000000e+00 8.175651730000000000e+08 2.100000000000000000e+01 1.733764705882352928e+03 0.000000000000000000e+00 2.695288235294117476e+04 1.000000000000000000e+00
1.600000000000000000e+01 6.000000000000000000e+00 8.176201930000000000e+08 2.100000000000000000e+01 1.636176470588235361e+03 9.259411764705882675e-01 2.589382352941176578e+04 1.000000000000000000e+00
1.600000000000000000e+01 7.000000000000000000e+00 8.175972120000000000e+08 2.100000000000000000e+01 1.655764705882352928e+03 9.685882352941177498e-01 2.652229411764705947e+04 1.000000000000000000e+00
1.600000000000000000e+01 8.000000000000000000e+00 8.176064600000000000e+08 2.100000000000000000e+01 1.627058823529411711e+03 0.000000000000000000e+00 2.626447058823529369e+04 1.000000000000000000e+00
1.600000000000000000e+01 9.000000000000000000e+00 8.175838900000000000e+08 2.100000000000000000e+01 1.552941176470588289e+03 0.000000000000000000e+00 2.547070588235294053e+04 1.000000000000000000e+00
1.600000000000000000e+01 1.100000000000000000e+01 8.175697190000000000e+08 2.100000000000000000e+01 1.504352941176470495e+03 9.688823529411765278e-01 2.144047058823529369e+04 1.000000000000000000e+00
1.600000000000000000e+01 1.200000000000000000e+01 8.176164300000000000e+08 2.100000000000000000e+01 1.446647058823529505e+03 9.694117647058824172e-01 2.624135294117647209e+04 1.000000000000000000e+00
1.600000000000000000e+01 1.300000000000000000e+01 8.175953730000000000e+08 2.100000000000000000e+01 1.466470588235294144e+03 9.859411764705882097e-01 2.185370588235294053e+04 1.000000000000000000e+00
1.600000000000000000e+01 1.400000000000000000e+01 8.175657690000000000e+08 2.100000000000000000e+01 1.432058823529411711e+03 9.777647058823530912e-01 2.129082352941176578e+04 1.000000000000000000e+00
1.600000000000000000e+01 1.500000000000000000e+01 8.176164290000000000e+08 2.100000000000000000e+01 1.384588235294117567e+03 9.544117647058824039e-01 2.497723529411764684e+04 1.000000000000000000e+00
1.600000000000000000e+01 1.600000000000000000e+01 8.175954280000000000e+08 2.100000000000000000e+01 1.388000000000000000e+03 9.587647058823530744e-01 2.644023529411764684e+04 1.000000000000000000e+00
1.600000000000000000e+01 1.700000000000000000e+01 8.175972300000000000e+08 2.100000000000000000e+01 1.342352941176470495e+03 9.425882352941175046e-01 2.542929411764705947e+04 1.000000000000000000e+00
1.600000000000000000e+01 1.800000000000000000e+01 8.175657540000000000e+08 2.100000000000000000e+01 1.332705882352941217e+03 9.491176470588236214e-01 2.626758823529411893e+04 1.000000000000000000e+00
1.900000000000000000e+01 1.000000000000000000e+00 8.084378700000000000e+08 2.100000000000000000e+01 2.002588235294117567e+03 1.012764705882353011e+00 4.681294117647058556e+03 0.000000000000000000e+00
1.900000000000000000e+01 2.000000000000000000e+00 8.089919790000000000e+08 2.100000000000000000e+01 1.969117647058823422e+03 9.826470588235295400e-01 5.679294117647058556e+03 0.000000000000000000e+00
1.900000000000000000e+01 3.000000000000000000e+00 8.095244370000000000e+08 2.100000000000000000e+01 1.950352941176470495e+03 9.714117647058823080e-01 7.790000000000000000e+03 0.000000000000000000e+00
1.900000000000000000e+01 4.000000000000000000e+00 8.089987070000000000e+08 2.100000000000000000e+01 1.763764705882352928e+03 8.968823529411765749e-01 1.584558823529411711e+04 0.000000000000000000e+00
1.900000000000000000e+01 5.000000000000000000e+00 8.090076380000000000e+08 2.100000000000000000e+01 1.843588235294117567e+03 9.755882352941176450e-01 4.940529411764706310e+03 0.000000000000000000e+00
1.900000000000000000e+01 6.000000000000000000e+00 8.089662840000000000e+08 2.100000000000000000e+01 1.846176470588235361e+03 1.000764705882353001e+00 2.365823529411764866e+03 0.000000000000000000e+00
1.900000000000000000e+01 7.000000000000000000e+00 8.089775150000000000e+08 2.100000000000000000e+01 1.865294117647058783e+03 1.001411764705882446e+00 1.390211764705882342e+04 0.000000000000000000e+00
1.900000000000000000e+01 8.000000000000000000e+00 8.089870750000000000e+08 2.100000000000000000e+01 1.687294117647058783e+03 9.431764705882352828e-01 1.312817647058823604e+04 0.000000000000000000e+00
1.900000000000000000e+01 9.000000000000000000e+00 8.089820420000000000e+08 2.100000000000000000e+01 1.822882352941176578e+03 9.789999999999998703e-01 9.836882352941176578e+03 0.000000000000000000e+00
1.900000000000000000e+01 1.000000000000000000e+01 8.089613960000000000e+08 2.100000000000000000e+01 1.681294117647058783e+03 9.873529411764705443e-01 1.084023529411764684e+04 0.000000000000000000e+00
1.900000000000000000e+01 1.100000000000000000e+01 8.089825710000000000e+08 2.100000000000000000e+01 1.627588235294117567e+03 9.848823529411764310e-01 1.133629411764705947e+04 0.000000000000000000e+00
1.900000000000000000e+01 1.200000000000000000e+01 8.084437280000000000e+08 2.100000000000000000e+01 1.621411764705882433e+03 1.004235294117647115e+00 1.085029411764705947e+04 0.000000000000000000e+00
1.900000000000000000e+01 1.400000000000000000e+01 8.084470810000000000e+08 2.100000000000000000e+01 1.462529411764705856e+03 9.317647058823528283e-01 1.293947058823529369e+04 0.000000000000000000e+00
1.900000000000000000e+01 1.500000000000000000e+01 8.084891050000000000e+08 2.100000000000000000e+01 1.513176470588235361e+03 9.777647058823530912e-01 9.910176470588236043e+03 0.000000000000000000e+00
1.900000000000000000e+01 1.600000000000000000e+01 8.089648950000000000e+08 2.100000000000000000e+01 1.518941176470588289e+03 9.899411764705883243e-01 1.077741176470588289e+04 0.000000000000000000e+00
1.900000000000000000e+01 1.700000000000000000e+01 8.089820060000000000e+08 2.100000000000000000e+01 1.592117647058823422e+03 1.019647058823529573e+00 9.497411764705882888e+03 0.000000000000000000e+00
1.900000000000000000e+01 1.800000000000000000e+01 8.095487970000000000e+08 2.100000000000000000e+01 1.532176470588235361e+03 9.808823529411765385e-01 9.135470588235293690e+03 0.000000000000000000e+00
2.000000000000000000e+01 1.000000000000000000e+00 8.084917940000000000e+08 2.100000000000000000e+01 1.773647058823529505e+03 9.344705882352941639e-01 2.833200000000000000e+04 1.000000000000000000e+00
2.000000000000000000e+01 2.000000000000000000e+00 8.084695560000000000e+08 2.100000000000000000e+01 1.769647058823529505e+03 9.248823529411764888e-01 2.378311764705882524e+04 1.000000000000000000e+00
2.000000000000000000e+01 3.000000000000000000e+00 8.089726870000000000e+08 2.100000000000000000e+01 1.739529411764705856e+03 9.148823529411764799e-01 2.583694117647058738e+04 1.000000000000000000e+00
2.000000000000000000e+01 4.000000000000000000e+00 8.064651100000000000e+08 2.100000000000000000e+01 1.692705882352941217e+03 9.267647058823529349e-01 2.585311764705882524e+04 1.000000000000000000e+00
2.000000000000000000e+01 5.000000000000000000e+00 8.089790690000000000e+08 2.100000000000000000e+01 1.682411764705882433e+03 9.270000000000001572e-01 2.297041176470588107e+04 1.000000000000000000e+00
2.000000000000000000e+01 6.000000000000000000e+00 8.089871080000000000e+08 2.100000000000000000e+01 1.637647058823529505e+03 9.423529411764707264e-01 2.099652941176470631e+04 1.000000000000000000e+00
2.000000000000000000e+01 7.000000000000000000e+00 8.084906900000000000e+08 2.100000000000000000e+01 1.612529411764705856e+03 9.175882352941178155e-01 2.169770588235294053e+04 1.000000000000000000e+00
2.000000000000000000e+01 8.000000000000000000e+00 8.089589230000000000e+08 2.100000000000000000e+01 1.518882352941176578e+03 9.068235294117644729e-01 2.428164705882352791e+04 1.000000000000000000e+00
2.000000000000000000e+01 9.000000000000000000e+00 8.089919600000000000e+08 2.100000000000000000e+01 1.455176470588235361e+03 8.992941176470587994e-01 2.880623529411764684e+04 1.000000000000000000e+00
2.000000000000000000e+01 1.000000000000000000e+01 8.084370920000000000e+08 2.100000000000000000e+01 1.477882352941176578e+03 9.280588235294118249e-01 2.358258823529411893e+04 1.000000000000000000e+00
2.000000000000000000e+01 1.200000000000000000e+01 8.089747260000000000e+08 2.100000000000000000e+01 1.426352941176470495e+03 9.334705882352940520e-01 2.184641176470588107e+04 1.000000000000000000e+00
2.000000000000000000e+01 1.300000000000000000e+01 8.095387690000000000e+08 2.100000000000000000e+01 1.391235294117647072e+03 9.343529411764707193e-01 2.172458823529411893e+04 1.000000000000000000e+00
2.000000000000000000e+01 1.400000000000000000e+01 8.095487940000000000e+08 2.100000000000000000e+01 1.394000000000000000e+03 9.345294117647059418e-01 2.653294117647058738e+04 1.000000000000000000e+00
2.000000000000000000e+01 1.500000000000000000e+01 8.064630470000000000e+08 2.100000000000000000e+01 1.381470588235294144e+03 9.444705882352941728e-01 2.762629411764705947e+04 1.000000000000000000e+00
2.000000000000000000e+01 1.600000000000000000e+01 8.089567970000000000e+08 2.100000000000000000e+01 1.375941176470588289e+03 9.407647058823529473e-01 2.090376470588235316e+04 1.000000000000000000e+00
2.000000000000000000e+01 1.700000000000000000e+01 8.089819130000000000e+08 2.100000000000000000e+01 1.314764705882352928e+03 9.285882352941177142e-01 2.105488235294117476e+04 1.000000000000000000e+00
2.000000000000000000e+01 1.800000000000000000e+01 8.089796920000000000e+08 2.100000000000000000e+01 1.321411764705882433e+03 9.374117647058824998e-01 2.105164705882352791e+04 1.000000000000000000e+00
2.100000000000000000e+01 1.000000000000000000e+00 8.190065350000000000e+08 2.100000000000000000e+01 1.316882352941176578e+03 6.531176470588234695e-01 5.367647058823529278e+02 0.000000000000000000e+00
2.100000000000000000e+01 3.000000000000000000e+00 8.173338530000000000e+08 2.100000000000000000e+01 1.801058823529411711e+03 1.015823529411764348e+00 2.780582352941176578e+04 1.000000000000000000e+00
2.100000000000000000e+01 4.000000000000000000e+00 8.178012820000000000e+08 2.100000000000000000e+01 1.978647058823529505e+03 6.542352941176470260e-01 3.234705882352941444e+02 0.000000000000000000e+00
2.100000000000000000e+01 5.000000000000000000e+00 8.169641220000000000e+08 2.100000000000000000e+01 1.734058823529411711e+03 1.006411764705882561e+00 1.969252941176470631e+04 1.000000000000000000e+00
2.100000000000000000e+01 6.000000000000000000e+00 8.089763510000000000e+08 2.100000000000000000e+01 1.608588235294117567e+03 9.540588235294116259e-01 2.889052941176470631e+04 1.000000000000000000e+00
2.100000000000000000e+01 7.000000000000000000e+00 8.178042280000000000e+08 2.100000000000000000e+01 1.759000000000000000e+03 9.936470588235293278e-01 3.314705882352941444e+02 0.000000000000000000e+00
2.100000000000000000e+01 8.000000000000000000e+00 8.169299140000000000e+08 2.100000000000000000e+01 1.639058823529411711e+03 1.006588235294117784e+00 1.835147058823529369e+04 1.000000000000000000e+00
2.100000000000000000e+01 9.000000000000000000e+00 8.173023830000000000e+08 2.100000000000000000e+01 1.535294117647058783e+03 9.865294117647058769e-01 2.775188235294117476e+04 1.000000000000000000e+00
2.100000000000000000e+01 1.000000000000000000e+01 8.178023740000000000e+08 2.100000000000000000e+01 1.656823529411764639e+03 1.031588235294117473e+00 6.277705882352941444e+03 0.000000000000000000e+00
2.100000000000000000e+01 1.100000000000000000e+01 8.169191510000000000e+08 2.100000000000000000e+01 1.519529411764705856e+03 9.822352941176468732e-01 2.116082352941176578e+04 1.000000000000000000e+00
2.100000000000000000e+01 1.200000000000000000e+01 8.169299990000000000e+08 2.100000000000000000e+01 1.460117647058823422e+03 1.013882352941176235e+00 2.820358823529411893e+04 1.000000000000000000e+00
2.100000000000000000e+01 1.300000000000000000e+01 8.178022310000000000e+08 2.100000000000000000e+01 1.542411764705882433e+03 1.034176470588235031e+00 5.074352941176470267e+03 0.000000000000000000e+00
2.100000000000000000e+01 1.400000000000000000e+01 8.169308090000000000e+08 2.100000000000000000e+01 1.435941176470588289e+03 1.000235294117646889e+00 2.127276470588235316e+04 1.000000000000000000e+00
2.100000000000000000e+01 1.500000000000000000e+01 8.169191540000000000e+08 2.100000000000000000e+01 1.380235294117647072e+03 9.698823529411764177e-01 2.761247058823529369e+04 1.000000000000000000e+00
2.100000000000000000e+01 1.600000000000000000e+01 8.190473880000000000e+08 2.100000000000000000e+01 1.668470588235294144e+03 1.066705882352941170e+00 5.792647058823529733e+03 0.000000000000000000e+00
2.100000000000000000e+01 1.700000000000000000e+01 8.169785760000000000e+08 2.100000000000000000e+01 1.371235294117647072e+03 9.925294117647059933e-01 2.101000000000000000e+04 1.000000000000000000e+00
2.100000000000000000e+01 1.800000000000000000e+01 8.169435310000000000e+08 2.100000000000000000e+01 1.345058823529411711e+03 1.000000000000000000e+00 2.873882352941176578e+04 1.000000000000000000e+00
2.200000000000000000e+01 1.000000000000000000e+00 8.089825500000000000e+08 2.100000000000000000e+01 2.078764705882353155e+03 1.024235294117646911e+00 4.754058823529411711e+03 0.000000000000000000e+00
2.200000000000000000e+01 2.000000000000000000e+00 8.090061750000000000e+08 2.100000000000000000e+01 1.967352941176470495e+03 9.949411764705883288e-01 5.080647058823529733e+03 0.000000000000000000e+00
2.200000000000000000e+01 3.000000000000000000e+00 8.089648450000000000e+08 2.100000000000000000e+01 1.840000000000000000e+03 9.462941176470588411e-01 3.285235294117646845e+03 0.000000000000000000e+00
2.200000000000000000e+01 4.000000000000000000e+00 8.089604760000000000e+08 2.100000000000000000e+01 1.970647058823529505e+03 1.046470588235294041e+00 4.822000000000000000e+03 0.000000000000000000e+00
2.200000000000000000e+01 5.000000000000000000e+00 8.089785610000000000e+08 2.100000000000000000e+01 1.847941176470588289e+03 9.752352941176470891e-01 1.289911764705882342e+04 0.000000000000000000e+00
2.200000000000000000e+01 6.000000000000000000e+00 8.089919470000000000e+08 2.100000000000000000e+01 1.771411764705882433e+03 9.633529411764707451e-01 3.671941176470588289e+03 0.000000000000000000e+00
2.200000000000000000e+01 7.000000000000000000e+00 8.089870980000000000e+08 2.100000000000000000e+01 1.920235294117647072e+03 1.023764705882352910e+00 5.007588235294118022e+03 0.000000000000000000e+00
2.200000000000000000e+01 8.000000000000000000e+00 8.089919670000000000e+08 2.100000000000000000e+01 0.000000000000000000e+00 0.000000000000000000e+00 5.097882352941176578e+03 0.000000000000000000e+00
2.200000000000000000e+01 9.000000000000000000e+00 8.089879500000000000e+08 2.100000000000000000e+01 1.621882352941176578e+03 9.673529411764706376e-01 4.754705882352941444e+03 0.000000000000000000e+00
2.200000000000000000e+01 1.000000000000000000e+01 8.089919550000000000e+08 2.100000000000000000e+01 1.730000000000000000e+03 1.009294117647058675e+00 6.143000000000000000e+03 0.000000000000000000e+00
2.200000000000000000e+01 1.100000000000000000e+01 8.095034070000000000e+08 2.100000000000000000e+01 1.646823529411764639e+03 1.029176470588235137e+00 3.647941176470588289e+03 0.000000000000000000e+00
2.200000000000000000e+01 1.200000000000000000e+01 8.095261220000000000e+08 2.100000000000000000e+01 1.602235294117647072e+03 1.027058823529411802e+00 5.075470588235293690e+03 0.000000000000000000e+00
2.200000000000000000e+01 1.300000000000000000e+01 8.089500760000000000e+08 2.100000000000000000e+01 1.572000000000000000e+03 1.037352941176470367e+00 4.136764705882353155e+03 0.000000000000000000e+00
2.200000000000000000e+01 1.400000000000000000e+01 8.089826080000000000e+08 2.100000000000000000e+01 1.552176470588235361e+03 1.035058823529411809e+00 5.636235294117646845e+03 0.000000000000000000e+00
2.200000000000000000e+01 1.500000000000000000e+01 8.084303460000000000e+08 2.100000000000000000e+01 1.666647058823529505e+03 1.084823529411764742e+00 1.610000000000000000e+03 0.000000000000000000e+00
2.200000000000000000e+01 1.600000000000000000e+01 8.084693990000000000e+08 2.100000000000000000e+01 1.557941176470588289e+03 1.038176470588235256e+00 3.486941176470588289e+03 0.000000000000000000e+00
2.200000000000000000e+01 1.700000000000000000e+01 8.089845980000000000e+08 2.100000000000000000e+01 1.496647058823529505e+03 1.033764705882352919e+00 3.757176470588235134e+03 0.000000000000000000e+00
2.200000000000000000e+01 1.800000000000000000e+01 8.089771120000000000e+08 2.100000000000000000e+01 1.505058823529411711e+03 1.048117647058823598e+00 5.257294117647058556e+03 0.000000000000000000e+00
2.300000000000000000e+01 1.000000000000000000e+00 8.089863920000000000e+08 2.100000000000000000e+01 2.018823529411764639e+03 9.694117647058824172e-01 1.244517647058823604e+04 0.000000000000000000e+00
2.300000000000000000e+01 2.000000000000000000e+00 8.089790720000000000e+08 2.100000000000000000e+01 2.011941176470588289e+03 9.468823529411765083e-01 1.113164705882352973e+04 0.000000000000000000e+00
2.300000000000000000e+01 3.000000000000000000e+00 8.089536660000000000e+08 2.100000000000000000e+01 2.071000000000000000e+03 9.957647058823527741e-01 1.443705882352941262e+04 0.000000000000000000e+00
2.300000000000000000e+01 4.000000000000000000e+00 8.089573900000000000e+08 2.100000000000000000e+01 2.014823529411764639e+03 9.803529411764704271e-01 1.276070588235294053e+04 0.000000000000000000e+00
2.300000000000000000e+01 5.000000000000000000e+00 8.095387930000000000e+08 2.100000000000000000e+01 2.009882352941176578e+03 1.014352941176470679e+00 5.191470588235293690e+03 0.000000000000000000e+00
2.300000000000000000e+01 7.000000000000000000e+00 8.089676950000000000e+08 2.100000000000000000e+01 1.710941176470588289e+03 9.036470588235293588e-01 1.369670588235294053e+04 0.000000000000000000e+00
2.300000000000000000e+01 8.000000000000000000e+00 8.084852470000000000e+08 2.100000000000000000e+01 1.709294117647058783e+03 9.295882352941176041e-01 1.210158823529411711e+04 0.000000000000000000e+00
2.300000000000000000e+01 9.000000000000000000e+00 8.089595630000000000e+08 2.100000000000000000e+01 1.843764705882352928e+03 1.002588235294117558e+00 1.536335294117647027e+04 0.000000000000000000e+00
2.300000000000000000e+01 1.000000000000000000e+01 8.089877890000000000e+08 2.100000000000000000e+01 1.733823529411764639e+03 9.715294117647057526e-01 1.307235294117647027e+04 0.000000000000000000e+00
2.300000000000000000e+01 1.100000000000000000e+01 8.084767130000000000e+08 2.100000000000000000e+01 1.674705882352941217e+03 9.474117647058823977e-01 1.248705882352941262e+04 0.000000000000000000e+00
2.300000000000000000e+01 1.200000000000000000e+01 8.064609140000000000e+08 2.100000000000000000e+01 4.221764705882353041e+02 2.875882352941175890e-01 1.424035294117647027e+04 0.000000000000000000e+00
2.300000000000000000e+01 1.300000000000000000e+01 8.089660470000000000e+08 2.100000000000000000e+01 1.632647058823529505e+03 9.739411764705881991e-01 1.375788235294117658e+04 0.000000000000000000e+00
2.300000000000000000e+01 1.400000000000000000e+01 8.089812230000000000e+08 2.100000000000000000e+01 1.658588235294117567e+03 9.878823529411765447e-01 5.747176470588235134e+03 0.000000000000000000e+00
2.300000000000000000e+01 1.600000000000000000e+01 8.089946160000000000e+08 2.100000000000000000e+01 1.559411764705882433e+03 9.628235294117646337e-01 5.767352941176470267e+03 0.000000000000000000e+00
2.300000000000000000e+01 1.800000000000000000e+01 8.084743610000000000e+08 2.100000000000000000e+01 1.644352941176470495e+03 9.965882352941176636e-01 1.388670588235294053e+04 0.000000000000000000e+00
2.400000000000000000e+01 1.000000000000000000e+00 8.089811310000000000e+08 2.100000000000000000e+01 1.818235294117647072e+03 9.228823529411765980e-01 4.713529411764706310e+03 0.000000000000000000e+00
2.400000000000000000e+01 2.000000000000000000e+00 8.064747910000000000e+08 2.100000000000000000e+01 2.027529411764705856e+03 1.007117647058823673e+00 5.261411764705881978e+03 0.000000000000000000e+00
2.400000000000000000e+01 3.000000000000000000e+00 8.089919420000000000e+08 2.100000000000000000e+01 2.053529411764705856e+03 1.000117647058823556e+00 5.477470588235293690e+03 0.000000000000000000e+00
2.400000000000000000e+01 4.000000000000000000e+00 8.089825380000000000e+08 2.100000000000000000e+01 1.992882352941176578e+03 9.904705882352939916e-01 4.924117647058823422e+03 0.000000000000000000e+00
2.400000000000000000e+01 5.000000000000000000e+00 8.084888450000000000e+08 2.100000000000000000e+01 1.874705882352941217e+03 9.726470588235294201e-01 5.617352941176470267e+03 0.000000000000000000e+00
2.400000000000000000e+01 6.000000000000000000e+00 8.089918960000000000e+08 2.100000000000000000e+01 1.887352941176470495e+03 1.001823529411764557e+00 4.194588235294118022e+03 0.000000000000000000e+00
2.400000000000000000e+01 7.000000000000000000e+00 8.084770170000000000e+08 2.100000000000000000e+01 1.796058823529411711e+03 9.749999999999999778e-01 4.577000000000000000e+03 0.000000000000000000e+00
2.400000000000000000e+01 8.000000000000000000e+00 8.089570440000000000e+08 2.100000000000000000e+01 1.705176470588235361e+03 9.428235294117646159e-01 3.790470588235294144e+03 0.000000000000000000e+00
2.400000000000000000e+01 9.000000000000000000e+00 8.089816890000000000e+08 2.100000000000000000e+01 1.707588235294117567e+03 9.654117647058820806e-01 5.346941176470588289e+03 0.000000000000000000e+00
2.400000000000000000e+01 1.000000000000000000e+01 8.089614890000000000e+08 2.100000000000000000e+01 1.634058823529411711e+03 9.618235294117646328e-01 4.919705882352941444e+03 0.000000000000000000e+00
2.400000000000000000e+01 1.100000000000000000e+01 8.084470250000000000e+08 2.100000000000000000e+01 1.594411764705882433e+03 9.897647058823529909e-01 3.428823529411764866e+03 0.000000000000000000e+00
2.400000000000000000e+01 1.200000000000000000e+01 8.084931060000000000e+08 2.100000000000000000e+01 1.609411764705882433e+03 1.010411764705882343e+00 2.200823529411764866e+03 0.000000000000000000e+00
2.400000000000000000e+01 1.400000000000000000e+01 8.089818660000000000e+08 2.100000000000000000e+01 1.541117647058823422e+03 9.899411764705883243e-01 3.582764705882353155e+03 0.000000000000000000e+00
2.400000000000000000e+01 1.600000000000000000e+01 8.084611970000000000e+08 2.100000000000000000e+01 1.488882352941176578e+03 9.791176470588235370e-01 4.506470588235293690e+03 0.000000000000000000e+00
2.400000000000000000e+01 1.700000000000000000e+01 8.090007130000000000e+08 2.100000000000000000e+01 1.482117647058823422e+03 9.812941176470587612e-01 4.791941176470588289e+03 0.000000000000000000e+00
2.400000000000000000e+01 1.800000000000000000e+01 8.084745780000000000e+08 2.100000000000000000e+01 1.021294117647058783e+03 7.087058823529411855e-01 4.085411764705882433e+03 0.000000000000000000e+00
2.500000000000000000e+01 1.000000000000000000e+00 8.173190040000000000e+08 2.100000000000000000e+01 1.807411764705882433e+03 9.211764705882352633e-01 3.994811764705882524e+04 1.000000000000000000e+00
2.500000000000000000e+01 2.000000000000000000e+00 8.169191420000000000e+08 2.100000000000000000e+01 2.040882352941176578e+03 9.632352941176470784e-01 1.117441176470588289e+04 0.000000000000000000e+00
2.500000000000000000e+01 3.000000000000000000e+00 8.178022190000000000e+08 2.100000000000000000e+01 1.698941176470588289e+03 6.787647058823530477e-01 1.777647058823529278e+02 0.000000000000000000e+00
2.500000000000000000e+01 4.000000000000000000e+00 8.169284050000000000e+08 2.100000000000000000e+01 1.834235294117647072e+03 9.878235294117648779e-01 2.891176470588235316e+04 1.000000000000000000e+00
2.500000000000000000e+01 5.000000000000000000e+00 8.089593980000000000e+08 2.100000000000000000e+01 1.731941176470588289e+03 9.881176470588236560e-01 2.780652941176470631e+04 1.000000000000000000e+00
2.500000000000000000e+01 6.000000000000000000e+00 8.190057660000000000e+08 2.100000000000000000e+01 1.704058823529411711e+03 8.748823529411761113e-01 2.176470588235294201e+02 0.000000000000000000e+00
2.500000000000000000e+01 8.000000000000000000e+00 8.173358090000000000e+08 2.100000000000000000e+01 1.554235294117647072e+03 9.372941176470588331e-01 2.791405882352941262e+04 1.000000000000000000e+00
2.500000000000000000e+01 9.000000000000000000e+00 8.178022100000000000e+08 2.100000000000000000e+01 1.719411764705882433e+03 9.775882352941174247e-01 2.270588235294117680e+02 0.000000000000000000e+00
2.500000000000000000e+01 1.000000000000000000e+01 8.169190710000000000e+08 2.100000000000000000e+01 1.558176470588235361e+03 1.006588235294117784e+00 2.828317647058823422e+04 1.000000000000000000e+00
2.500000000000000000e+01 1.100000000000000000e+01 8.169197010000000000e+08 2.100000000000000000e+01 1.498176470588235361e+03 9.805294117647060936e-01 2.826494117647058738e+04 1.000000000000000000e+00
2.500000000000000000e+01 1.300000000000000000e+01 8.173429730000000000e+08 2.100000000000000000e+01 1.594470588235294144e+03 1.009117647058823675e+00 2.770870588235294053e+04 1.000000000000000000e+00
2.500000000000000000e+01 1.400000000000000000e+01 8.169785880000000000e+08 2.100000000000000000e+01 1.474529411764705856e+03 9.961764705882354409e-01 2.842829411764705947e+04 1.000000000000000000e+00
2.500000000000000000e+01 1.500000000000000000e+01 8.178022430000000000e+08 2.100000000000000000e+01 1.702470588235294144e+03 1.072411764705882398e+00 6.165352941176470267e+03 0.000000000000000000e+00
2.500000000000000000e+01 1.600000000000000000e+01 8.173442400000000000e+08 2.100000000000000000e+01 1.522294117647058783e+03 1.003705882352941225e+00 2.773241176470588107e+04 1.000000000000000000e+00
2.500000000000000000e+01 1.700000000000000000e+01 8.169857150000000000e+08 2.100000000000000000e+01 1.376235294117647072e+03 9.752352941176470891e-01 2.849464705882352791e+04 1.000000000000000000e+00
2.600000000000000000e+01 1.000000000000000000e+00 8.089585760000000000e+08 2.100000000000000000e+01 2.212764705882353155e+03 0.000000000000000000e+00 5.165764705882353155e+03 0.000000000000000000e+00
2.600000000000000000e+01 2.000000000000000000e+00 8.089612560000000000e+08 2.100000000000000000e+01 1.971058823529411711e+03 9.748823529411765332e-01 2.426823529411764866e+03 0.000000000000000000e+00
2.600000000000000000e+01 3.000000000000000000e+00 8.169823230000000000e+08 2.100000000000000000e+01 1.955588235294117567e+03 9.576470588235292958e-01 1.584588235294117658e+04 0.000000000000000000e+00
2.600000000000000000e+01 4.000000000000000000e+00 8.095034040000000000e+08 2.100000000000000000e+01 2.044000000000000000e+03 1.019529411764706017e+00 2.946176470588235134e+03 0.000000000000000000e+00
2.600000000000000000e+01 5.000000000000000000e+00 8.089810870000000000e+08 2.100000000000000000e+01 1.803588235294117567e+03 9.117058823529411438e-01 1.599311764705882342e+04 0.000000000000000000e+00
2.600000000000000000e+01 6.000000000000000000e+00 8.084675450000000000e+08 2.100000000000000000e+01 1.791529411764705856e+03 9.422941176470587266e-01 1.580629411764705947e+04 0.000000000000000000e+00
2.600000000000000000e+01 7.000000000000000000e+00 8.089930880000000000e+08 2.100000000000000000e+01 1.821117647058823422e+03 9.241764705882351549e-01 8.290705882352940534e+03 0.000000000000000000e+00
2.600000000000000000e+01 8.000000000000000000e+00 8.089724520000000000e+08 2.100000000000000000e+01 1.803117647058823422e+03 9.708235294117645298e-01 1.107094117647058738e+04 0.000000000000000000e+00
2.600000000000000000e+01 9.000000000000000000e+00 8.089811940000000000e+08 2.100000000000000000e+01 1.836058823529411711e+03 8.954117647058824625e-01 1.126294117647058738e+04 0.000000000000000000e+00
2.600000000000000000e+01 1.000000000000000000e+01 8.084549730000000000e+08 2.100000000000000000e+01 1.708352941176470495e+03 9.892352941176471015e-01 3.953882352941176578e+03 0.000000000000000000e+00
2.600000000000000000e+01 1.100000000000000000e+01 8.089724640000000000e+08 2.100000000000000000e+01 1.748882352941176578e+03 1.010411764705882343e+00 3.862411764705882433e+03 0.000000000000000000e+00
2.600000000000000000e+01 1.300000000000000000e+01 8.089583920000000000e+08 2.100000000000000000e+01 1.687235294117647072e+03 1.028941176470588026e+00 3.938352941176470722e+03 0.000000000000000000e+00
2.600000000000000000e+01 1.500000000000000000e+01 8.089775630000000000e+08 2.100000000000000000e+01 1.524941176470588289e+03 9.991764705882351105e-01 1.322329411764705947e+04 0.000000000000000000e+00
2.600000000000000000e+01 1.700000000000000000e+01 8.089614450000000000e+08 2.100000000000000000e+01 1.576117647058823422e+03 9.728235294117649756e-01 1.572676470588235316e+04 0.000000000000000000e+00
2.600000000000000000e+01 1.800000000000000000e+01 8.064765190000000000e+08 2.100000000000000000e+01 1.461411764705882433e+03 9.494705882352940662e-01 1.587658823529411711e+04 0.000000000000000000e+00
2.700000000000000000e+01 1.000000000000000000e+00 8.095214740000000000e+08 2.100000000000000000e+01 1.944235294117647072e+03 9.871176470588234331e-01 3.457176470588235134e+03 0.000000000000000000e+00
2.700000000000000000e+01 2.000000000000000000e+00 8.095260900000000000e+08 2.100000000000000000e+01 1.678176470588235361e+03 6.877058823529411669e-01 2.576941176470588289e+03 0.000000000000000000e+00
2.700000000000000000e+01 3.000000000000000000e+00 8.095261020000000000e+08 2.100000000000000000e+01 1.910000000000000000e+03 9.355882352941176094e-01 5.903294117647058556e+03 0.000000000000000000e+00
2.700000000000000000e+01 4.000000000000000000e+00 8.089811180000000000e+08 2.100000000000000000e+01 1.927294117647058783e+03 1.019999999999999796e+00 4.952705882352941444e+03 0.000000000000000000e+00
2.700000000000000000e+01 5.000000000000000000e+00 8.089989660000000000e+08 2.100000000000000000e+01 1.723352941176470495e+03 8.911176470588234588e-01 4.625058823529411711e+03 0.000000000000000000e+00
2.700000000000000000e+01 7.000000000000000000e+00 8.084549780000000000e+08 2.100000000000000000e+01 1.674764705882352928e+03 8.846470588235293420e-01 6.196411764705881978e+03 0.000000000000000000e+00
2.700000000000000000e+01 8.000000000000000000e+00 8.089749230000000000e+08 2.100000000000000000e+01 1.600882352941176578e+03 8.434117647058825273e-01 5.600352941176470267e+03 0.000000000000000000e+00
2.700000000000000000e+01 9.000000000000000000e+00 8.089812060000000000e+08 2.100000000000000000e+01 1.608411764705882433e+03 8.797058823529413374e-01 6.373352941176470267e+03 0.000000000000000000e+00
2.700000000000000000e+01 1.000000000000000000e+01 8.084328240000000000e+08 2.100000000000000000e+01 1.687588235294117567e+03 9.843529411764704307e-01 4.522470588235293690e+03 0.000000000000000000e+00
2.700000000000000000e+01 1.100000000000000000e+01 8.084555050000000000e+08 2.100000000000000000e+01 1.515000000000000000e+03 8.595882352941177640e-01 3.627176470588235134e+03 0.000000000000000000e+00
2.700000000000000000e+01 1.200000000000000000e+01 8.089569950000000000e+08 2.100000000000000000e+01 1.544941176470588289e+03 8.795294117647058929e-01 2.768941176470588289e+03 0.000000000000000000e+00
2.700000000000000000e+01 1.300000000000000000e+01 8.095244450000000000e+08 2.100000000000000000e+01 1.466647058823529505e+03 8.585294117647058743e-01 5.098000000000000000e+03 0.000000000000000000e+00
2.700000000000000000e+01 1.400000000000000000e+01 8.173180990000000000e+08 2.100000000000000000e+01 1.140235294117647072e+03 8.170000000000000595e-01 3.842305882352941262e+04 1.000000000000000000e+00
2.700000000000000000e+01 1.500000000000000000e+01 8.090037750000000000e+08 2.100000000000000000e+01 1.551294117647058783e+03 9.817647058823529838e-01 3.070647058823529278e+03 0.000000000000000000e+00
2.700000000000000000e+01 1.600000000000000000e+01 8.084890220000000000e+08 2.100000000000000000e+01 1.404588235294117567e+03 8.406470588235293029e-01 2.718176470588235134e+03 0.000000000000000000e+00
2.700000000000000000e+01 1.700000000000000000e+01 8.089827060000000000e+08 2.100000000000000000e+01 1.420117647058823422e+03 8.432941176470589717e-01 4.717647058823529733e+03 0.000000000000000000e+00
2.700000000000000000e+01 1.800000000000000000e+01 8.089615010000000000e+08 2.100000000000000000e+01 1.558882352941176578e+03 1.000588235294117334e+00 5.093882352941176578e+03 0.000000000000000000e+00
2.800000000000000000e+01 1.000000000000000000e+00 8.064558160000000000e+08 2.100000000000000000e+01 2.285058823529411711e+03 1.037764705882353145e+00 4.401647058823529733e+03 0.000000000000000000e+00
2.800000000000000000e+01 2.000000000000000000e+00 8.089800700000000000e+08 2.100000000000000000e+01 2.071882352941176578e+03 1.047588235294117487e+00 4.228000000000000000e+03 0.000000000000000000e+00
2.800000000000000000e+01 3.000000000000000000e+00 8.090042520000000000e+08 2.100000000000000000e+01 2.068764705882353155e+03 1.026000000000000023e+00 6.979823529411764866e+03 0.000000000000000000e+00
2.800000000000000000e+01 4.000000000000000000e+00 8.089616670000000000e+08 2.100000000000000000e+01 2.025294117647058783e+03 1.021823529411764575e+00 4.410647058823529733e+03 0.000000000000000000e+00
2.800000000000000000e+01 5.000000000000000000e+00 8.089647570000000000e+08 2.100000000000000000e+01 1.955235294117647072e+03 9.564705882352939614e-01 9.668588235294117112e+03 0.000000000000000000e+00
2.800000000000000000e+01 7.000000000000000000e+00 8.089882380000000000e+08 2.100000000000000000e+01 1.880294117647058783e+03 9.460000000000000631e-01 1.318658823529411711e+04 0.000000000000000000e+00
2.800000000000000000e+01 8.000000000000000000e+00 8.089785820000000000e+08 2.100000000000000000e+01 1.711470588235294144e+03 9.145882352941174798e-01 1.261900000000000000e+04 0.000000000000000000e+00
2.800000000000000000e+01 9.000000000000000000e+00 8.089972530000000000e+08 2.100000000000000000e+01 1.755882352941176578e+03 9.561176470588236276e-01 1.234617647058823604e+04 0.000000000000000000e+00
2.800000000000000000e+01 1.000000000000000000e+01 8.089935920000000000e+08 2.100000000000000000e+01 1.725588235294117567e+03 9.607058823529411873e-01 9.809176470588236043e+03 0.000000000000000000e+00
2.800000000000000000e+01 1.100000000000000000e+01 8.089474810000000000e+08 2.100000000000000000e+01 1.691235294117647072e+03 9.765294117647060901e-01 1.045423529411764684e+04 0.000000000000000000e+00
2.800000000000000000e+01 1.200000000000000000e+01 8.089867710000000000e+08 2.100000000000000000e+01 1.688352941176470495e+03 9.564705882352944055e-01 1.016270588235294053e+04 0.000000000000000000e+00
2.800000000000000000e+01 1.300000000000000000e+01 8.089935740000000000e+08 2.100000000000000000e+01 1.662470588235294144e+03 9.869411764705883217e-01 8.189705882352941444e+03 0.000000000000000000e+00
2.800000000000000000e+01 1.400000000000000000e+01 8.089972400000000000e+08 2.100000000000000000e+01 1.683117647058823422e+03 9.695294117647058618e-01 4.311117647058823422e+03 0.000000000000000000e+00
2.800000000000000000e+01 1.500000000000000000e+01 8.084683790000000000e+08 2.100000000000000000e+01 1.605411764705882433e+03 9.697058823529411953e-01 6.302235294117646845e+03 0.000000000000000000e+00
2.800000000000000000e+01 1.600000000000000000e+01 8.173007990000000000e+08 2.100000000000000000e+01 1.372647058823529505e+03 9.101764705882352535e-01 3.740729411764705583e+04 1.000000000000000000e+00
2.800000000000000000e+01 1.700000000000000000e+01 8.064608250000000000e+08 2.100000000000000000e+01 1.602588235294117567e+03 9.877058823529412113e-01 4.515705882352941444e+03 0.000000000000000000e+00
2.800000000000000000e+01 1.800000000000000000e+01 8.089850710000000000e+08 2.100000000000000000e+01 1.584352941176470495e+03 9.869999999999999885e-01 3.964764705882353155e+03 0.000000000000000000e+00
3.000000000000000000e+01 1.000000000000000000e+00 8.172848190000000000e+08 2.100000000000000000e+01 1.842058823529411711e+03 9.459411764705881742e-01 3.933711764705882524e+04 1.000000000000000000e+00
3.000000000000000000e+01 2.000000000000000000e+00 8.173055650000000000e+08 2.100000000000000000e+01 1.869764705882352928e+03 9.404117647058822804e-01 3.991700000000000000e+04 1.000000000000000000e+00
3.000000000000000000e+01 4.000000000000000000e+00 8.173202850000000000e+08 2.100000000000000000e+01 1.801823529411764639e+03 9.667058823529411926e-01 4.209588235294117476e+04 1.000000000000000000e+00
3.000000000000000000e+01 5.000000000000000000e+00 8.173175410000000000e+08 2.100000000000000000e+01 1.737647058823529505e+03 9.325294117647059400e-01 3.948435294117646845e+04 1.000000000000000000e+00
3.000000000000000000e+01 6.000000000000000000e+00 8.173121720000000000e+08 2.100000000000000000e+01 1.862764705882352928e+03 9.788823529411765367e-01 3.724852941176470631e+04 1.000000000000000000e+00
3.000000000000000000e+01 7.000000000000000000e+00 8.173037420000000000e+08 2.100000000000000000e+01 1.623647058823529505e+03 9.004705882352941337e-01 3.714517647058823786e+04 1.000000000000000000e+00
3.000000000000000000e+01 9.000000000000000000e+00 8.173036850000000000e+08 2.100000000000000000e+01 1.596705882352941217e+03 9.156470588235292585e-01 4.057752941176470631e+04 1.000000000000000000e+00
3.000000000000000000e+01 1.100000000000000000e+01 8.173203160000000000e+08 2.100000000000000000e+01 1.543235294117647072e+03 9.443529411764707282e-01 3.975411764705882524e+04 1.000000000000000000e+00
3.000000000000000000e+01 1.200000000000000000e+01 8.172934040000000000e+08 2.100000000000000000e+01 1.492705882352941217e+03 9.472941176470587310e-01 3.749494117647058738e+04 1.000000000000000000e+00
3.000000000000000000e+01 1.300000000000000000e+01 8.172994730000000000e+08 2.100000000000000000e+01 1.487529411764705856e+03 9.317058823529409395e-01 4.072035294117646845e+04 1.000000000000000000e+00
3.000000000000000000e+01 1.400000000000000000e+01 8.173198840000000000e+08 2.100000000000000000e+01 1.478647058823529505e+03 9.747647058823529775e-01 4.060347058823529369e+04 1.000000000000000000e+00
3.000000000000000000e+01 1.500000000000000000e+01 8.173311860000000000e+08 2.100000000000000000e+01 1.459882352941176578e+03 9.671764705882353041e-01 4.215576470588234952e+04 1.000000000000000000e+00
3.000000000000000000e+01 1.600000000000000000e+01 8.172972170000000000e+08 2.100000000000000000e+01 1.398705882352941217e+03 9.526470588235294024e-01 3.749364705882353155e+04 1.000000000000000000e+00
3.000000000000000000e+01 1.700000000000000000e+01 8.173189100000000000e+08 2.100000000000000000e+01 1.424176470588235361e+03 9.489411764705882879e-01 3.897547058823529369e+04 1.000000000000000000e+00
3.000000000000000000e+01 1.800000000000000000e+01 8.172875570000000000e+08 2.100000000000000000e+01 1.388764705882352928e+03 9.385882352941176121e-01 3.734847058823529369e+04 1.000000000000000000e+00
3.200000000000000000e+01 1.000000000000000000e+00 8.095261090000000000e+08 2.100000000000000000e+01 2.197764705882353155e+03 1.005941176470588116e+00 2.622352941176470722e+02 0.000000000000000000e+00
3.200000000000000000e+01 2.000000000000000000e+00 8.089531480000000000e+08 2.100000000000000000e+01 2.259117647058823422e+03 1.017529411764706015e+00 3.242941176470588402e+02 0.000000000000000000e+00
3.200000000000000000e+01 3.000000000000000000e+00 8.089846030000000000e+08 2.100000000000000000e+01 2.033705882352941217e+03 9.973529411764706643e-01 3.250117647058823422e+03 0.000000000000000000e+00
3.200000000000000000e+01 4.000000000000000000e+00 8.089816660000000000e+08 2.100000000000000000e+01 1.922941176470588289e+03 9.697058823529411953e-01 6.205235294117646845e+03 0.000000000000000000e+00
3.200000000000000000e+01 5.000000000000000000e+00 8.089690380000000000e+08 2.100000000000000000e+01 2.011235294117647072e+03 1.027764705882352914e+00 3.135470588235294144e+03 0.000000000000000000e+00
3.200000000000000000e+01 6.000000000000000000e+00 8.089847530000000000e+08 2.100000000000000000e+01 1.893764705882352928e+03 1.003941176470588337e+00 4.034000000000000000e+03 0.000000000000000000e+00
3.200000000000000000e+01 7.000000000000000000e+00 8.095386370000000000e+08 2.100000000000000000e+01 1.908294117647058783e+03 9.970000000000001084e-01 5.130941176470588289e+03 0.000000000000000000e+00
3.200000000000000000e+01 8.000000000000000000e+00 8.089850610000000000e+08 2.100000000000000000e+01 1.871411764705882433e+03 9.939411764705881058e-01 4.597941176470588289e+03 0.000000000000000000e+00
3.200000000000000000e+01 9.000000000000000000e+00 8.089945240000000000e+08 2.100000000000000000e+01 1.833529411764705856e+03 1.014705882352941124e+00 3.748647058823529278e+03 0.000000000000000000e+00
3.200000000000000000e+01 1.000000000000000000e+01 8.084891100000000000e+08 2.100000000000000000e+01 1.798529411764705856e+03 1.012941176470588234e+00 4.057941176470588289e+03 0.000000000000000000e+00
3.200000000000000000e+01 1.100000000000000000e+01 8.095386360000000000e+08 2.100000000000000000e+01 1.776352941176470495e+03 1.017882352941176460e+00 3.258705882352940989e+03 0.000000000000000000e+00
3.200000000000000000e+01 1.200000000000000000e+01 8.089694750000000000e+08 2.100000000000000000e+01 1.696764705882352928e+03 1.002588235294117780e+00 8.755647058823529733e+03 0.000000000000000000e+00
3.200000000000000000e+01 1.300000000000000000e+01 8.089845910000000000e+08 2.100000000000000000e+01 1.639176470588235361e+03 9.863529411764706545e-01 5.155117647058823422e+03 0.000000000000000000e+00
3.200000000000000000e+01 1.400000000000000000e+01 8.089864100000000000e+08 2.100000000000000000e+01 1.668058823529411711e+03 1.006764705882352784e+00 3.902352941176470722e+03 0.000000000000000000e+00
3.200000000000000000e+01 1.500000000000000000e+01 8.089826110000000000e+08 2.100000000000000000e+01 1.708411764705882433e+03 9.954117647058824403e-01 6.205117647058823422e+03 0.000000000000000000e+00
3.200000000000000000e+01 1.600000000000000000e+01 8.089870630000000000e+08 2.100000000000000000e+01 1.600411764705882433e+03 1.005941176470588116e+00 4.061117647058823422e+03 0.000000000000000000e+00
3.200000000000000000e+01 1.700000000000000000e+01 8.089870640000000000e+08 2.100000000000000000e+01 1.614529411764705856e+03 9.997058823529412219e-01 3.030823529411764866e+03 0.000000000000000000e+00
3.200000000000000000e+01 1.800000000000000000e+01 8.089845860000000000e+08 2.100000000000000000e+01 1.670117647058823422e+03 1.036588235294117588e+00 4.102352941176470267e+03 0.000000000000000000e+00
