806451584.0000000000 15.0000000000 13582.4838709677
806455816.0000000000 15.0000000000 21146.6129032258
806459597.0000000000 15.0000000000 17131.0645161290
806460825.0000000000 15.0000000000 16112.9677419355
806460914.0000000000 15.0000000000 6265.5483870968
806463047.0000000000 15.0000000000 15348.2903225806
806465110.0000000000 15.0000000000 17710.2258064516
806468834.0000000000 15.0000000000 18680.6774193548
806474791.0000000000 15.0000000000 20073.0000000000
806476519.0000000000 15.0000000000 14775.7741935484
806481218.0000000000 15.0000000000 16586.1612903226
806483362.0000000000 15.0000000000 17032.1290322581
808430036.0000000000 15.0000000000 17738.2258064516
808430346.0000000000 15.0000000000 18036.6774193548
808430571.0000000000 15.0000000000 19146.6451612903
808432823.0000000000 15.0000000000 17604.8064516129
808432824.0000000000 15.0000000000 17415.0000000000
808437092.0000000000 15.0000000000 15788.8064516129
808437870.0000000000 15.0000000000 19627.4838709677
808440691.0000000000 15.0000000000 15524.1612903226
808443728.0000000000 15.0000000000 17369.2258064516
808443733.0000000000 15.0000000000 17227.9354838710
808447025.0000000000 15.0000000000 16920.7741935484
808447052.0000000000 15.0000000000 19148.2258064516
808447066.0000000000 15.0000000000 15839.0000000000
808447081.0000000000 15.0000000000 16097.4516129032
808447091.0000000000 15.0000000000 15121.9677419355
808447094.0000000000 15.0000000000 19454.4838709677
808447104.0000000000 15.0000000000 20263.8709677419
808451689.0000000000 15.0000000000 20219.9032258065
808451782.0000000000 15.0000000000 18057.8387096774
808454973.0000000000 15.0000000000 18170.9354838710
808454978.0000000000 15.0000000000 16625.9354838710
808455493.0000000000 15.0000000000 16779.3870967742
808455505.0000000000 15.0000000000 16587.4193548387
808455517.0000000000 15.0000000000 17311.3548387097
808461197.0000000000 15.0000000000 15453.8709677419
808465342.0000000000 15.0000000000 18496.4193548387
808467545.0000000000 15.0000000000 18604.1612903226
808467569.0000000000 15.0000000000 19046.0322580645
808468365.0000000000 15.0000000000 15100.5483870968
808468379.0000000000 15.0000000000 16529.9677419355
808469399.0000000000 15.0000000000 16489.8709677419
808469556.0000000000 15.0000000000 17993.0000000000
808470373.0000000000 15.0000000000 17638.8709677419
808474231.0000000000 15.0000000000 13908.2903225806
808474243.0000000000 15.0000000000 16161.4516129032
808474244.0000000000 15.0000000000 19821.5483870968
808474361.0000000000 15.0000000000 15430.3548387097
808474373.0000000000 15.0000000000 15887.7419354839
808474578.0000000000 15.0000000000 12083.1935483871
808474593.0000000000 15.0000000000 15760.4838709677
808474602.0000000000 15.0000000000 14586.0645161290
808476713.0000000000 15.0000000000 17204.3548387097
808476725.0000000000 15.0000000000 14431.3870967742
808477017.0000000000 15.0000000000 18517.3870967742
808480486.0000000000 15.0000000000 15488.4838709677
808480525.0000000000 15.0000000000 16093.3870967742
808485247.0000000000 15.0000000000 17797.3225806452
808485250.0000000000 15.0000000000 18656.7096774194
808488845.0000000000 15.0000000000 19016.1935483871
808489022.0000000000 15.0000000000 15566.5806451613
808489105.0000000000 15.0000000000 16736.3225806452
808489110.0000000000 15.0000000000 17838.1935483871
808490690.0000000000 15.0000000000 16834.2258064516
808491794.0000000000 15.0000000000 18293.0645161290
808493106.0000000000 15.0000000000 16945.3548387097
808947003.0000000000 15.0000000000 19003.1612903226
808947481.0000000000 15.0000000000 17960.4516129032
808947505.0000000000 15.0000000000 16497.6129032258
808949990.0000000000 15.0000000000 15444.1935483871
808950076.0000000000 15.0000000000 16568.1935483871
808952499.0000000000 15.0000000000 17269.5806451613
808953148.0000000000 15.0000000000 21813.5161290323
808953659.0000000000 15.0000000000 18006.9032258065
808953666.0000000000 15.0000000000 20453.0645161290
808956797.0000000000 15.0000000000 14979.3548387097
808956926.0000000000 15.0000000000 16858.7741935484
808956995.0000000000 15.0000000000 16544.5806451613
808957044.0000000000 15.0000000000 17989.7741935484
808957378.0000000000 15.0000000000 15372.6129032258
808957390.0000000000 15.0000000000 19933.4516129032
808958322.0000000000 15.0000000000 15295.7741935484
808958372.0000000000 15.0000000000 15375.3870967742
808958392.0000000000 15.0000000000 17321.3870967742
808958576.0000000000 15.0000000000 21123.0322580645
808958588.0000000000 15.0000000000 14265.2903225806
808958591.0000000000 15.0000000000 16590.5161290323
808958923.0000000000 15.0000000000 16145.3548387097
808959398.0000000000 15.0000000000 17893.4193548387
808959403.0000000000 15.0000000000 19850.3225806452
808959563.0000000000 15.0000000000 18302.0645161290
808959731.0000000000 15.0000000000 19503.0000000000
808960330.0000000000 15.0000000000 20081.7741935484
808960452.0000000000 15.0000000000 18117.8387096774
808960476.0000000000 15.0000000000 19067.2258064516
808961256.0000000000 15.0000000000 19896.6129032258
808961261.0000000000 15.0000000000 17189.0645161290
808961396.0000000000 15.0000000000 17473.0645161290
808961445.0000000000 15.0000000000 16347.6774193548
808961489.0000000000 15.0000000000 17359.5483870968
808961501.0000000000 15.0000000000 15432.7096774194
808961667.0000000000 15.0000000000 20157.9032258065
808961716.0000000000 15.0000000000 16025.2258064516
808964322.0000000000 15.0000000000 19500.1290322581
808964757.0000000000 15.0000000000 19031.5806451613
808964808.0000000000 15.0000000000 20683.6451612903
808964845.0000000000 15.0000000000 19190.4516129032
808964876.0000000000 15.0000000000 14931.2903225806
808964895.0000000000 15.0000000000 15868.6129032258
808964913.0000000000 15.0000000000 20451.5806451613
808964925.0000000000 15.0000000000 16963.3548387097
808964932.0000000000 15.0000000000 18322.5806451613
808965918.0000000000 15.0000000000 15056.0967741935
808966047.0000000000 15.0000000000 16428.2903225806
808966284.0000000000 15.0000000000 18379.5161290323
808966287.0000000000 15.0000000000 19198.1290322581
808967695.0000000000 15.0000000000 17779.6129032258
808969038.0000000000 15.0000000000 20008.4193548387
808969475.0000000000 15.0000000000 17724.9032258065
808971305.0000000000 15.0000000000 16793.2580645161
808971630.0000000000 15.0000000000 16164.7741935484
808971633.0000000000 15.0000000000 16585.8064516129
808971766.0000000000 15.0000000000 19546.2903225806
808971803.0000000000 15.0000000000 15841.1612903226
808971936.0000000000 15.0000000000 16066.5161290323
808971937.0000000000 15.0000000000 18288.5161290323
808972346.0000000000 15.0000000000 18975.6774193548
808972452.0000000000 15.0000000000 18676.1290322581
808972457.0000000000 15.0000000000 19992.5806451613
808972464.0000000000 15.0000000000 16972.3870967742
808972586.0000000000 15.0000000000 13335.1612903226
808972605.0000000000 15.0000000000 15620.3225806452
808972687.0000000000 15.0000000000 17940.2903225806
808973936.0000000000 15.0000000000 19108.2580645161
808974726.0000000000 15.0000000000 15134.2580645161
808974923.0000000000 15.0000000000 16992.3548387097
808974928.0000000000 15.0000000000 19644.0967741935
808975010.0000000000 15.0000000000 18253.1612903226
808976160.0000000000 15.0000000000 16928.1935483871
808976206.0000000000 15.0000000000 15492.9354838710
808976207.0000000000 15.0000000000 17651.9032258065
808976232.0000000000 15.0000000000 15391.8064516129
808976233.0000000000 15.0000000000 17238.3548387097
808976252.0000000000 15.0000000000 16014.2258064516
808976265.0000000000 15.0000000000 16841.7419354839
808976293.0000000000 15.0000000000 16431.5161290323
808976319.0000000000 15.0000000000 15283.8387096774
808976351.0000000000 15.0000000000 16415.6129032258
808976352.0000000000 15.0000000000 16265.7741935484
808977015.0000000000 15.0000000000 15726.6774193548
808977112.0000000000 15.0000000000 15478.3225806452
808977515.0000000000 15.0000000000 18720.8064516129
808977563.0000000000 15.0000000000 15955.5483870968
808978557.0000000000 15.0000000000 16218.6451612903
808978561.0000000000 15.0000000000 18224.8064516129
808978582.0000000000 15.0000000000 17331.4516129032
808978646.0000000000 15.0000000000 15771.8064516129
808979069.0000000000 15.0000000000 17644.1290322581
808979072.0000000000 15.0000000000 19746.3548387097
808979692.0000000000 15.0000000000 14223.4838709677
808979913.0000000000 15.0000000000 19337.0000000000
808980070.0000000000 15.0000000000 20493.5806451613
808981087.0000000000 15.0000000000 18622.4516129032
808981118.0000000000 15.0000000000 19485.8387096774
808981121.0000000000 15.0000000000 16185.0000000000
808981131.0000000000 15.0000000000 17716.2903225806
808981194.0000000000 15.0000000000 17945.4516129032
808981206.0000000000 15.0000000000 16875.0000000000
808981211.0000000000 15.0000000000 18929.0645161290
808981223.0000000000 15.0000000000 16593.5161290323
808981369.0000000000 15.0000000000 15804.0645161290
808981503.0000000000 15.0000000000 14881.2258064516
808981666.0000000000 15.0000000000 19288.4838709677
808981689.0000000000 15.0000000000 17889.6129032258
808981839.0000000000 15.0000000000 16004.0000000000
808981866.0000000000 15.0000000000 16283.5806451613
808981913.0000000000 15.0000000000 14368.8064516129
808982006.0000000000 15.0000000000 16392.5483870968
808982042.0000000000 15.0000000000 17931.2903225806
808982538.0000000000 15.0000000000 19619.5483870968
808982550.0000000000 15.0000000000 20404.8709677419
808982571.0000000000 15.0000000000 16909.3870967742
808982608.0000000000 15.0000000000 17027.5161290323
808982611.0000000000 15.0000000000 17367.4838709677
808982706.0000000000 15.0000000000 15254.1935483871
808983860.0000000000 15.0000000000 17465.1290322581
808984207.0000000000 15.0000000000 19355.6774193548
808984586.0000000000 15.0000000000 16839.1935483871
808984591.0000000000 15.0000000000 16843.6451612903
808984598.0000000000 15.0000000000 15737.5483870968
808984603.0000000000 15.0000000000 20364.8709677419
808984610.0000000000 15.0000000000 18094.1935483871
808984662.0000000000 15.0000000000 15673.2258064516
808984717.0000000000 15.0000000000 15527.9032258065
808984753.0000000000 15.0000000000 19337.4516129032
808985061.0000000000 15.0000000000 18551.5483870968
808985071.0000000000 15.0000000000 16268.8064516129
808985796.0000000000 15.0000000000 18514.0322580645
808985803.0000000000 15.0000000000 16624.4516129032
808986392.0000000000 15.0000000000 20123.6451612903
808986410.0000000000 15.0000000000 17134.6774193548
808986422.0000000000 15.0000000000 16822.9032258065
808986771.0000000000 15.0000000000 17630.7096774194
808987005.0000000000 15.0000000000 18776.7096774194
808987063.0000000000 15.0000000000 16615.7096774194
808987064.0000000000 15.0000000000 16535.2580645161
808987075.0000000000 15.0000000000 17987.3225806452
808987098.0000000000 15.0000000000 19680.9354838710
808987108.0000000000 15.0000000000 15679.3870967742
808987121.0000000000 15.0000000000 15123.7741935484
808987789.0000000000 15.0000000000 18169.0322580645
808987950.0000000000 15.0000000000 17602.8387096774
808988238.0000000000 15.0000000000 18775.3548387097
808989910.0000000000 15.0000000000 19417.0967741935
808991896.0000000000 15.0000000000 18978.6129032258
808991942.0000000000 15.0000000000 20018.9032258065
808991947.0000000000 15.0000000000 18561.8387096774
808991955.0000000000 15.0000000000 18444.1935483871
808991960.0000000000 15.0000000000 15264.2580645161
808991967.0000000000 15.0000000000 7656.0322580645
808991979.0000000000 15.0000000000 19025.9677419355
808992603.0000000000 15.0000000000 20003.3548387097
808993088.0000000000 15.0000000000 18748.5483870968
808993089.0000000000 15.0000000000 16629.1935483871
808993574.0000000000 15.0000000000 17608.6774193548
808993592.0000000000 15.0000000000 17271.6129032258
808994524.0000000000 15.0000000000 18679.8064516129
808994616.0000000000 15.0000000000 15154.6129032258
808995481.0000000000 15.0000000000 20130.4838709677
808996420.0000000000 15.0000000000 18134.7741935484
808997240.0000000000 15.0000000000 17197.5483870968
808997253.0000000000 15.0000000000 17923.6451612903
808998401.0000000000 15.0000000000 19044.3870967742
808998707.0000000000 15.0000000000 18037.2258064516
808998824.0000000000 15.0000000000 18875.0000000000
808998966.0000000000 15.0000000000 17620.1290322581
809000713.0000000000 15.0000000000 16161.2903225806
809003161.0000000000 15.0000000000 19448.9354838710
809003775.0000000000 15.0000000000 16165.9677419355
809004252.0000000000 15.0000000000 20592.5806451613
809006175.0000000000 15.0000000000 19860.1290322581
809007638.0000000000 15.0000000000 19046.4516129032
809503299.0000000000 15.0000000000 14456.5806451613
809503404.0000000000 15.0000000000 19949.0967741935
809503407.0000000000 15.0000000000 16908.0322580645
809520652.0000000000 15.0000000000 15651.4838709677
809520819.0000000000 15.0000000000 15057.3548387097
809521474.0000000000 15.0000000000 18370.0645161290
809524437.0000000000 15.0000000000 19337.0967741935
809524445.0000000000 15.0000000000 16074.2903225806
809526090.0000000000 15.0000000000 16790.7096774194
809526102.0000000000 15.0000000000 18307.0967741935
809526109.0000000000 15.0000000000 21401.4516129032
809526122.0000000000 15.0000000000 16820.7419354839
809538636.0000000000 15.0000000000 18200.8064516129
809538637.0000000000 15.0000000000 19188.2580645161
809538660.0000000000 15.0000000000 17783.0322580645
809538769.0000000000 15.0000000000 15305.9354838710
809538793.0000000000 15.0000000000 19190.6451612903
809538805.0000000000 15.0000000000 18706.6451612903
809548794.0000000000 15.0000000000 15399.7096774194
809548797.0000000000 15.0000000000 16078.7419354839
816919071.0000000000 15.0000000000 16587.3225806452
816919142.0000000000 15.0000000000 20493.0322580645
816919151.0000000000 15.0000000000 16110.6774193548
816919154.0000000000 15.0000000000 15093.7741935484
816919701.0000000000 15.0000000000 15928.6451612903
816928405.0000000000 15.0000000000 18525.8064516129
816929914.0000000000 15.0000000000 16861.1935483871
816929999.0000000000 15.0000000000 15520.5161290323
816930809.0000000000 15.0000000000 15488.8387096774
816943531.0000000000 15.0000000000 14360.3548387097
816964122.0000000000 15.0000000000 17783.0322580645
816978576.0000000000 15.0000000000 15213.3548387097
816978588.0000000000 15.0000000000 15996.9677419355
816982323.0000000000 15.0000000000 19507.7096774194
816985715.0000000000 15.0000000000 14719.1612903226
817284819.0000000000 15.0000000000 18558.5483870968
817287557.0000000000 15.0000000000 14442.7419354839
817293404.0000000000 15.0000000000 16214.8387096774
817297217.0000000000 15.0000000000 15428.9354838710
817299473.0000000000 15.0000000000 16020.7419354839
817300799.0000000000 15.0000000000 14819.0967741935
817302383.0000000000 15.0000000000 16293.3870967742
817303685.0000000000 15.0000000000 16464.9032258065
817303742.0000000000 15.0000000000 16622.0645161290
817305565.0000000000 15.0000000000 18538.7096774194
817312172.0000000000 15.0000000000 18150.1612903226
817317541.0000000000 15.0000000000 17705.3225806452
817318099.0000000000 15.0000000000 13175.8709677419
817318104.0000000000 15.0000000000 14672.5806451613
817318910.0000000000 15.0000000000 15023.3870967742
817319004.0000000000 15.0000000000 18779.9032258065
817319884.0000000000 15.0000000000 15962.1290322581
817320285.0000000000 15.0000000000 18144.4838709677
817320316.0000000000 15.0000000000 16073.9032258065
817331186.0000000000 15.0000000000 15602.8064516129
817333853.0000000000 15.0000000000 17469.8709677419
817335809.0000000000 15.0000000000 16375.3548387097
817342973.0000000000 15.0000000000 16618.1290322581
817344240.0000000000 15.0000000000 16151.4193548387
817565173.0000000000 15.0000000000 16925.3548387097
817565751.0000000000 15.0000000000 18014.7419354839
817565754.0000000000 15.0000000000 13753.4516129032
817565769.0000000000 15.0000000000 15448.6129032258
817569253.0000000000 15.0000000000 16019.6774193548
817569719.0000000000 15.0000000000 15500.2580645161
817569720.0000000000 15.0000000000 18698.3225806452
817581894.0000000000 15.0000000000 19271.8709677419
817583890.0000000000 15.0000000000 15759.8064516129
817589211.0000000000 15.0000000000 17372.6129032258
817595373.0000000000 15.0000000000 15725.8387096774
817595425.0000000000 15.0000000000 17698.4516129032
817595428.0000000000 15.0000000000 14694.8064516129
817595446.0000000000 15.0000000000 17009.4838709677
817595462.0000000000 15.0000000000 16328.8387096774
817597102.0000000000 15.0000000000 18809.3225806452
817597117.0000000000 15.0000000000 18463.5161290323
817597135.0000000000 15.0000000000 19520.8387096774
817597172.0000000000 15.0000000000 17423.3870967742
817597212.0000000000 15.0000000000 16531.6451612903
817597230.0000000000 15.0000000000 14156.9354838710
817606442.0000000000 15.0000000000 3176.6774193548
817606460.0000000000 15.0000000000 16199.3225806452
817607122.0000000000 15.0000000000 16517.2903225806
817607155.0000000000 15.0000000000 16854.2258064516
817608086.0000000000 15.0000000000 15712.6129032258
817608171.0000000000 15.0000000000 15339.3870967742
817608176.0000000000 15.0000000000 18736.0322580645
817612559.0000000000 15.0000000000 17517.0322580645
817616429.0000000000 15.0000000000 14571.2580645161
817616430.0000000000 15.0000000000 15649.6451612903
817618826.0000000000 15.0000000000 16382.8387096774
817620192.0000000000 15.0000000000 18033.9354838710
817620193.0000000000 15.0000000000 16583.4516129032
817801282.0000000000 15.0000000000 17615.0645161290
817802210.0000000000 15.0000000000 18186.0322580645
817802219.0000000000 15.0000000000 17508.7096774194
817802231.0000000000 15.0000000000 16698.9354838710
817802243.0000000000 15.0000000000 18778.5806451613
817802374.0000000000 15.0000000000 17415.8064516129
817804228.0000000000 15.0000000000 17732.5806451613
819005766.0000000000 15.0000000000 18100.8387096774
819006535.0000000000 15.0000000000 13445.8709677419
819047388.0000000000 15.0000000000 17954.6451612903
