8.064515840000000000e+08 5.000000000000000000e+00
8.064558160000000000e+08 1.000000000000000000e+00
8.064595970000000000e+08 2.100000000000000000e+01
8.064608250000000000e+08 1.600000000000000000e+01
8.064609140000000000e+08 2.100000000000000000e+01
8.064630470000000000e+08 2.000000000000000000e+00
8.064651100000000000e+08 2.100000000000000000e+01
8.064688340000000000e+08 2.200000000000000000e+01
8.064747910000000000e+08 2.500000000000000000e+01
8.064765190000000000e+08 2.200000000000000000e+01
8.064812180000000000e+08 2.600000000000000000e+01
8.064833620000000000e+08 2.700000000000000000e+01
8.084300360000000000e+08 5.000000000000000000e+00
8.084303460000000000e+08 1.900000000000000000e+01
8.084305710000000000e+08 2.700000000000000000e+01
8.084328230000000000e+08 2.200000000000000000e+01
8.084328240000000000e+08 2.600000000000000000e+01
8.084370920000000000e+08 1.900000000000000000e+01
8.084378700000000000e+08 2.600000000000000000e+01
8.084406910000000000e+08 1.300000000000000000e+01
8.084437280000000000e+08 1.200000000000000000e+01
8.084437330000000000e+08 1.900000000000000000e+01
8.084470250000000000e+08 2.000000000000000000e+01
8.084470520000000000e+08 1.700000000000000000e+01
8.084470660000000000e+08 2.900000000000000000e+01
8.084470810000000000e+08 2.400000000000000000e+01
8.084470910000000000e+08 1.400000000000000000e+01
8.084470940000000000e+08 2.000000000000000000e+00
8.084471040000000000e+08 1.400000000000000000e+01
8.084516890000000000e+08 2.700000000000000000e+01
8.084517820000000000e+08 2.200000000000000000e+01
8.084549730000000000e+08 1.100000000000000000e+01
8.084549780000000000e+08 8.000000000000000000e+00
8.084554930000000000e+08 2.600000000000000000e+01
8.084555050000000000e+08 1.500000000000000000e+01
8.084555170000000000e+08 5.000000000000000000e+00
8.084611970000000000e+08 1.900000000000000000e+01
8.084653420000000000e+08 3.000000000000000000e+00
8.084675450000000000e+08 1.600000000000000000e+01
8.084675690000000000e+08 3.000000000000000000e+01
8.084683650000000000e+08 0.000000000000000000e+00
8.084683790000000000e+08 2.400000000000000000e+01
8.084693990000000000e+08 1.700000000000000000e+01
8.084695560000000000e+08 2.000000000000000000e+00
8.084703730000000000e+08 6.000000000000000000e+00
8.084742310000000000e+08 5.000000000000000000e+00
8.084742430000000000e+08 2.900000000000000000e+01
8.084742440000000000e+08 9.000000000000000000e+00
8.084743610000000000e+08 1.300000000000000000e+01
8.084743730000000000e+08 2.500000000000000000e+01
8.084745780000000000e+08 1.300000000000000000e+01
8.084745930000000000e+08 5.000000000000000000e+00
8.084746020000000000e+08 1.800000000000000000e+01
8.084767130000000000e+08 9.000000000000000000e+00
8.084767250000000000e+08 2.700000000000000000e+01
8.084770170000000000e+08 8.000000000000000000e+00
8.084804860000000000e+08 2.800000000000000000e+01
8.084805250000000000e+08 6.000000000000000000e+00
8.084852470000000000e+08 9.000000000000000000e+00
8.084852500000000000e+08 2.600000000000000000e+01
8.084888450000000000e+08 0.000000000000000000e+00
8.084890220000000000e+08 1.000000000000000000e+00
8.084891050000000000e+08 1.300000000000000000e+01
8.084891100000000000e+08 1.300000000000000000e+01
8.084906900000000000e+08 5.000000000000000000e+00
8.084917940000000000e+08 2.700000000000000000e+01
8.084931060000000000e+08 2.600000000000000000e+01
8.089470030000000000e+08 1.300000000000000000e+01
8.089474810000000000e+08 1.000000000000000000e+01
8.089475050000000000e+08 2.700000000000000000e+01
8.089499900000000000e+08 2.100000000000000000e+01
8.089500760000000000e+08 2.200000000000000000e+01
8.089524990000000000e+08 4.000000000000000000e+00
8.089531480000000000e+08 1.400000000000000000e+01
8.089536590000000000e+08 8.000000000000000000e+00
8.089536660000000000e+08 1.200000000000000000e+01
8.089567970000000000e+08 7.000000000000000000e+00
8.089569260000000000e+08 8.000000000000000000e+00
8.089569950000000000e+08 1.200000000000000000e+01
8.089570440000000000e+08 2.300000000000000000e+01
8.089573780000000000e+08 2.800000000000000000e+01
8.089573900000000000e+08 2.800000000000000000e+01
8.089583220000000000e+08 5.000000000000000000e+00
8.089583720000000000e+08 2.800000000000000000e+01
8.089583920000000000e+08 3.000000000000000000e+00
8.089585760000000000e+08 2.300000000000000000e+01
8.089585880000000000e+08 1.200000000000000000e+01
8.089585910000000000e+08 1.800000000000000000e+01
8.089589230000000000e+08 9.000000000000000000e+00
8.089593980000000000e+08 2.000000000000000000e+00
8.089594030000000000e+08 1.100000000000000000e+01
8.089595630000000000e+08 3.000000000000000000e+01
8.089597310000000000e+08 0.000000000000000000e+00
8.089603300000000000e+08 7.000000000000000000e+00
8.089604520000000000e+08 1.100000000000000000e+01
8.089604760000000000e+08 2.000000000000000000e+01
8.089612560000000000e+08 2.300000000000000000e+01
8.089612610000000000e+08 1.600000000000000000e+01
8.089613960000000000e+08 2.300000000000000000e+01
8.089614450000000000e+08 1.100000000000000000e+01
8.089614890000000000e+08 2.500000000000000000e+01
8.089615010000000000e+08 2.900000000000000000e+01
8.089616670000000000e+08 2.600000000000000000e+01
8.089617160000000000e+08 1.000000000000000000e+00
8.089643220000000000e+08 2.800000000000000000e+01
8.089647570000000000e+08 9.000000000000000000e+00
8.089648080000000000e+08 2.100000000000000000e+01
8.089648450000000000e+08 1.800000000000000000e+01
8.089648760000000000e+08 2.400000000000000000e+01
8.089648950000000000e+08 2.400000000000000000e+01
8.089649130000000000e+08 7.000000000000000000e+00
8.089649250000000000e+08 5.000000000000000000e+00
8.089649320000000000e+08 5.000000000000000000e+00
8.089659180000000000e+08 3.000000000000000000e+01
8.089660470000000000e+08 2.300000000000000000e+01
8.089662840000000000e+08 1.000000000000000000e+01
8.089662870000000000e+08 8.000000000000000000e+00
8.089676950000000000e+08 1.600000000000000000e+01
8.089690380000000000e+08 1.500000000000000000e+01
8.089694750000000000e+08 1.000000000000000000e+00
8.089713050000000000e+08 2.600000000000000000e+01
8.089716300000000000e+08 2.000000000000000000e+01
8.089716330000000000e+08 1.100000000000000000e+01
8.089717660000000000e+08 2.400000000000000000e+01
8.089718030000000000e+08 1.400000000000000000e+01
8.089719360000000000e+08 2.100000000000000000e+01
8.089719370000000000e+08 0.000000000000000000e+00
8.089723460000000000e+08 2.600000000000000000e+01
8.089724520000000000e+08 2.600000000000000000e+01
8.089724570000000000e+08 1.400000000000000000e+01
8.089724640000000000e+08 2.300000000000000000e+01
8.089725860000000000e+08 1.600000000000000000e+01
8.089726050000000000e+08 1.900000000000000000e+01
8.089726870000000000e+08 2.700000000000000000e+01
8.089739360000000000e+08 1.300000000000000000e+01
8.089747260000000000e+08 2.800000000000000000e+01
8.089749230000000000e+08 6.000000000000000000e+00
8.089749280000000000e+08 2.400000000000000000e+01
8.089750100000000000e+08 1.000000000000000000e+00
8.089761600000000000e+08 8.000000000000000000e+00
8.089762060000000000e+08 1.900000000000000000e+01
8.089762070000000000e+08 0.000000000000000000e+00
8.089762320000000000e+08 2.800000000000000000e+01
8.089762330000000000e+08 1.400000000000000000e+01
8.089762520000000000e+08 1.300000000000000000e+01
8.089762650000000000e+08 1.900000000000000000e+01
8.089762930000000000e+08 2.500000000000000000e+01
8.089763190000000000e+08 1.000000000000000000e+01
8.089763510000000000e+08 9.000000000000000000e+00
8.089763520000000000e+08 1.800000000000000000e+01
8.089770150000000000e+08 5.000000000000000000e+00
8.089771120000000000e+08 7.000000000000000000e+00
8.089775150000000000e+08 2.300000000000000000e+01
8.089775630000000000e+08 7.000000000000000000e+00
8.089785570000000000e+08 1.200000000000000000e+01
8.089785610000000000e+08 1.800000000000000000e+01
8.089785820000000000e+08 4.000000000000000000e+00
8.089786460000000000e+08 2.600000000000000000e+01
8.089790690000000000e+08 2.200000000000000000e+01
8.089790720000000000e+08 2.700000000000000000e+01
8.089796920000000000e+08 1.600000000000000000e+01
8.089799130000000000e+08 2.200000000000000000e+01
8.089800700000000000e+08 3.000000000000000000e+01
8.089810870000000000e+08 2.000000000000000000e+01
8.089811180000000000e+08 1.200000000000000000e+01
8.089811210000000000e+08 2.000000000000000000e+00
8.089811310000000000e+08 8.000000000000000000e+00
8.089811940000000000e+08 4.000000000000000000e+00
8.089812060000000000e+08 2.500000000000000000e+01
8.089812110000000000e+08 2.500000000000000000e+01
8.089812230000000000e+08 1.100000000000000000e+01
8.089813690000000000e+08 8.000000000000000000e+00
8.089815030000000000e+08 3.000000000000000000e+01
8.089816660000000000e+08 2.000000000000000000e+00
8.089816890000000000e+08 2.100000000000000000e+01
8.089818390000000000e+08 1.400000000000000000e+01
8.089818660000000000e+08 1.000000000000000000e+01
8.089819130000000000e+08 2.600000000000000000e+01
8.089820060000000000e+08 2.000000000000000000e+00
8.089820420000000000e+08 1.000000000000000000e+00
8.089825380000000000e+08 6.000000000000000000e+00
8.089825500000000000e+08 6.000000000000000000e+00
8.089825710000000000e+08 4.000000000000000000e+00
8.089826080000000000e+08 2.000000000000000000e+00
8.089826110000000000e+08 1.300000000000000000e+01
8.089827060000000000e+08 1.500000000000000000e+01
8.089838600000000000e+08 2.300000000000000000e+01
8.089842070000000000e+08 2.000000000000000000e+01
8.089845860000000000e+08 2.400000000000000000e+01
8.089845910000000000e+08 2.000000000000000000e+01
8.089845980000000000e+08 3.000000000000000000e+00
8.089846030000000000e+08 1.700000000000000000e+01
8.089846100000000000e+08 2.600000000000000000e+01
8.089846620000000000e+08 2.400000000000000000e+01
8.089847170000000000e+08 1.700000000000000000e+01
8.089847530000000000e+08 9.000000000000000000e+00
8.089850610000000000e+08 1.000000000000000000e+00
8.089850710000000000e+08 1.000000000000000000e+01
8.089857960000000000e+08 1.900000000000000000e+01
8.089858030000000000e+08 6.000000000000000000e+00
8.089863920000000000e+08 6.000000000000000000e+00
8.089864100000000000e+08 1.100000000000000000e+01
8.089864220000000000e+08 2.400000000000000000e+01
8.089867710000000000e+08 1.200000000000000000e+01
8.089870050000000000e+08 2.700000000000000000e+01
8.089870630000000000e+08 2.000000000000000000e+00
8.089870640000000000e+08 2.700000000000000000e+01
8.089870750000000000e+08 3.000000000000000000e+01
8.089870980000000000e+08 2.000000000000000000e+00
8.089871080000000000e+08 1.700000000000000000e+01
8.089871210000000000e+08 9.000000000000000000e+00
8.089877890000000000e+08 1.300000000000000000e+01
8.089879500000000000e+08 3.000000000000000000e+01
8.089882380000000000e+08 8.000000000000000000e+00
8.089899100000000000e+08 1.700000000000000000e+01
8.089918960000000000e+08 8.000000000000000000e+00
8.089919420000000000e+08 2.200000000000000000e+01
8.089919470000000000e+08 1.200000000000000000e+01
8.089919550000000000e+08 1.800000000000000000e+01
8.089919600000000000e+08 2.600000000000000000e+01
8.089919670000000000e+08 7.000000000000000000e+00
8.089919790000000000e+08 1.000000000000000000e+00
8.089926030000000000e+08 2.100000000000000000e+01
8.089930880000000000e+08 1.700000000000000000e+01
8.089930890000000000e+08 2.600000000000000000e+01
8.089935740000000000e+08 1.900000000000000000e+01
8.089935920000000000e+08 1.200000000000000000e+01
8.089945240000000000e+08 2.000000000000000000e+01
8.089946160000000000e+08 1.500000000000000000e+01
8.089954810000000000e+08 2.100000000000000000e+01
8.089964200000000000e+08 2.500000000000000000e+01
8.089972400000000000e+08 2.000000000000000000e+00
8.089972530000000000e+08 1.500000000000000000e+01
8.089984010000000000e+08 2.400000000000000000e+01
8.089987070000000000e+08 1.700000000000000000e+01
8.089988240000000000e+08 2.100000000000000000e+01
8.089989660000000000e+08 2.400000000000000000e+01
8.090007130000000000e+08 6.000000000000000000e+00
8.090031610000000000e+08 2.400000000000000000e+01
8.090037750000000000e+08 1.200000000000000000e+01
8.090042520000000000e+08 1.400000000000000000e+01
8.090061750000000000e+08 2.500000000000000000e+01
8.090076380000000000e+08 3.000000000000000000e+01
8.095032990000000000e+08 2.000000000000000000e+01
8.095034040000000000e+08 1.900000000000000000e+01
8.095034070000000000e+08 1.500000000000000000e+01
8.095206520000000000e+08 6.000000000000000000e+00
8.095208190000000000e+08 2.000000000000000000e+00
8.095214740000000000e+08 3.000000000000000000e+00
8.095244370000000000e+08 3.000000000000000000e+00
8.095244450000000000e+08 7.000000000000000000e+00
8.095260900000000000e+08 1.100000000000000000e+01
8.095261020000000000e+08 6.000000000000000000e+00
8.095261090000000000e+08 3.000000000000000000e+01
8.095261220000000000e+08 2.200000000000000000e+01
8.095386360000000000e+08 2.400000000000000000e+01
8.095386370000000000e+08 2.700000000000000000e+01
8.095386600000000000e+08 2.700000000000000000e+01
8.095387690000000000e+08 2.300000000000000000e+01
8.095387930000000000e+08 3.000000000000000000e+01
8.095388050000000000e+08 1.100000000000000000e+01
8.095487940000000000e+08 3.000000000000000000e+00
8.095487970000000000e+08 2.100000000000000000e+01
8.169190710000000000e+08 3.000000000000000000e+00
8.169191420000000000e+08 2.400000000000000000e+01
8.169191510000000000e+08 2.500000000000000000e+01
8.169191540000000000e+08 2.600000000000000000e+01
8.169197010000000000e+08 2.700000000000000000e+01
8.169284050000000000e+08 1.500000000000000000e+01
8.169299140000000000e+08 1.800000000000000000e+01
8.169299990000000000e+08 1.900000000000000000e+01
8.169308090000000000e+08 6.000000000000000000e+00
8.169435310000000000e+08 4.000000000000000000e+00
8.169641220000000000e+08 2.000000000000000000e+01
8.169785760000000000e+08 2.600000000000000000e+01
8.169785880000000000e+08 2.100000000000000000e+01
8.169823230000000000e+08 1.200000000000000000e+01
8.169857150000000000e+08 2.000000000000000000e+01
8.172848190000000000e+08 1.800000000000000000e+01
8.172875570000000000e+08 3.000000000000000000e+00
8.172934040000000000e+08 2.100000000000000000e+01
8.172972170000000000e+08 2.900000000000000000e+01
8.172994730000000000e+08 1.900000000000000000e+01
8.173007990000000000e+08 2.000000000000000000e+00
8.173023830000000000e+08 1.200000000000000000e+01
8.173036850000000000e+08 6.000000000000000000e+00
8.173037420000000000e+08 1.000000000000000000e+01
8.173055650000000000e+08 2.000000000000000000e+00
8.173121720000000000e+08 1.000000000000000000e+01
8.173175410000000000e+08 2.700000000000000000e+01
8.173180990000000000e+08 1.400000000000000000e+01
8.173181040000000000e+08 1.100000000000000000e+01
8.173189100000000000e+08 3.000000000000000000e+01
8.173190040000000000e+08 2.000000000000000000e+01
8.173198840000000000e+08 7.000000000000000000e+00
8.173202850000000000e+08 2.400000000000000000e+01
8.173203160000000000e+08 1.800000000000000000e+01
8.173311860000000000e+08 1.800000000000000000e+01
8.173338530000000000e+08 1.100000000000000000e+01
8.173358090000000000e+08 1.000000000000000000e+00
8.173429730000000000e+08 2.000000000000000000e+00
8.173442400000000000e+08 1.200000000000000000e+01
8.175651730000000000e+08 3.000000000000000000e+01
8.175657510000000000e+08 8.000000000000000000e+00
8.175657540000000000e+08 0.000000000000000000e+00
8.175657690000000000e+08 2.800000000000000000e+01
8.175692530000000000e+08 8.000000000000000000e+00
8.175697190000000000e+08 2.400000000000000000e+01
8.175697200000000000e+08 3.000000000000000000e+01
8.175818940000000000e+08 2.000000000000000000e+00
8.175838900000000000e+08 9.000000000000000000e+00
8.175892110000000000e+08 2.500000000000000000e+01
8.175953730000000000e+08 1.000000000000000000e+00
8.175954250000000000e+08 2.900000000000000000e+01
8.175954280000000000e+08 3.000000000000000000e+00
8.175954460000000000e+08 2.800000000000000000e+01
8.175954620000000000e+08 1.000000000000000000e+01
8.175971020000000000e+08 1.600000000000000000e+01
8.175971170000000000e+08 7.000000000000000000e+00
8.175971350000000000e+08 1.700000000000000000e+01
8.175971720000000000e+08 5.000000000000000000e+00
8.175972120000000000e+08 2.300000000000000000e+01
8.175972300000000000e+08 2.200000000000000000e+01
8.176064600000000000e+08 1.600000000000000000e+01
8.176071220000000000e+08 1.600000000000000000e+01
8.176071550000000000e+08 1.800000000000000000e+01
8.176080860000000000e+08 2.400000000000000000e+01
8.176081710000000000e+08 5.000000000000000000e+00
8.176081760000000000e+08 2.500000000000000000e+01
8.176125590000000000e+08 1.700000000000000000e+01
8.176164290000000000e+08 1.600000000000000000e+01
8.176164300000000000e+08 2.300000000000000000e+01
8.176188260000000000e+08 1.800000000000000000e+01
8.176201920000000000e+08 8.000000000000000000e+00
8.176201930000000000e+08 1.100000000000000000e+01
8.178012820000000000e+08 2.800000000000000000e+01
8.178022100000000000e+08 2.400000000000000000e+01
8.178022190000000000e+08 2.500000000000000000e+01
8.178022310000000000e+08 2.300000000000000000e+01
8.178022430000000000e+08 2.500000000000000000e+01
8.178023740000000000e+08 5.000000000000000000e+00
8.178042280000000000e+08 1.000000000000000000e+00
8.190057660000000000e+08 2.400000000000000000e+01
8.190065350000000000e+08 2.800000000000000000e+01
8.190473880000000000e+08 0.000000000000000000e+00
