1.200000000000000000e+01 1.800000000000000000e+01 8.064515840000000000e+08 1.100000000000000000e+01 1.623000000000000000e+03 6.860000000000000542e-01 1.081200000000000000e+04 0.000000000000000000e+00
2.800000000000000000e+01 1.000000000000000000e+00 8.064558160000000000e+08 1.100000000000000000e+01 3.000000000000000000e+01 3.900000000000000133e-01 4.180000000000000000e+03 0.000000000000000000e+00
1.300000000000000000e+01 9.000000000000000000e+00 8.064595970000000000e+08 1.100000000000000000e+01 2.350000000000000000e+03 8.429999999999999716e-01 2.327000000000000000e+03 0.000000000000000000e+00
2.800000000000000000e+01 1.700000000000000000e+01 8.064608250000000000e+08 1.100000000000000000e+01 2.201000000000000000e+03 9.120000000000000329e-01 6.333000000000000000e+03 0.000000000000000000e+00
2.300000000000000000e+01 1.200000000000000000e+01 8.064609140000000000e+08 1.100000000000000000e+01 1.714000000000000000e+03 8.169999999999999485e-01 1.072200000000000000e+04 0.000000000000000000e+00
2.000000000000000000e+01 1.500000000000000000e+01 8.064630470000000000e+08 1.100000000000000000e+01 1.928000000000000000e+03 9.280000000000000471e-01 2.132900000000000000e+04 1.000000000000000000e+00
2.000000000000000000e+01 4.000000000000000000e+00 8.064651100000000000e+08 1.100000000000000000e+01 2.474000000000000000e+03 9.659999999999999698e-01 2.166000000000000000e+04 1.000000000000000000e+00
1.000000000000000000e+01 6.000000000000000000e+00 8.064688340000000000e+08 1.100000000000000000e+01 2.324000000000000000e+03 9.569999999999999618e-01 1.179000000000000000e+03 0.000000000000000000e+00
2.400000000000000000e+01 2.000000000000000000e+00 8.064747910000000000e+08 1.100000000000000000e+01 2.619000000000000000e+03 8.880000000000000115e-01 5.753000000000000000e+03 0.000000000000000000e+00
2.600000000000000000e+01 1.800000000000000000e+01 8.064765190000000000e+08 1.100000000000000000e+01 1.783000000000000000e+03 8.549999999999999822e-01 1.595600000000000000e+04 0.000000000000000000e+00
1.400000000000000000e+01 1.400000000000000000e+01 8.064812180000000000e+08 1.100000000000000000e+01 2.037000000000000000e+03 5.260000000000000231e-01 1.389800000000000000e+04 0.000000000000000000e+00
1.400000000000000000e+01 1.500000000000000000e+01 8.064833620000000000e+08 1.100000000000000000e+01 2.073000000000000000e+03 9.120000000000000329e-01 1.388700000000000000e+04 0.000000000000000000e+00
9.000000000000000000e+00 6.000000000000000000e+00 8.084300360000000000e+08 1.100000000000000000e+01 2.359000000000000000e+03 9.489999999999999547e-01 6.052000000000000000e+03 0.000000000000000000e+00
2.200000000000000000e+01 1.500000000000000000e+01 8.084303460000000000e+08 1.100000000000000000e+01 2.024000000000000000e+03 1.042000000000000037e+00 1.689000000000000000e+03 0.000000000000000000e+00
9.000000000000000000e+00 7.000000000000000000e+00 8.084305710000000000e+08 1.100000000000000000e+01 2.626000000000000000e+03 1.012000000000000011e+00 7.734000000000000000e+03 0.000000000000000000e+00
1.200000000000000000e+01 4.000000000000000000e+00 8.084328230000000000e+08 1.100000000000000000e+01 2.407000000000000000e+03 7.449999999999999956e-01 1.047200000000000000e+04 0.000000000000000000e+00
2.700000000000000000e+01 1.000000000000000000e+01 8.084328240000000000e+08 1.100000000000000000e+01 2.268000000000000000e+03 9.409999999999999476e-01 2.895000000000000000e+03 0.000000000000000000e+00
2.000000000000000000e+01 1.000000000000000000e+01 8.084370920000000000e+08 1.100000000000000000e+01 2.112000000000000000e+03 9.699999999999999734e-01 1.987500000000000000e+04 1.000000000000000000e+00
1.900000000000000000e+01 1.000000000000000000e+00 8.084378700000000000e+08 1.100000000000000000e+01 2.907000000000000000e+03 1.002000000000000002e+00 2.529000000000000000e+03 0.000000000000000000e+00
1.100000000000000000e+01 1.700000000000000000e+01 8.084406910000000000e+08 1.100000000000000000e+01 2.021000000000000000e+03 8.970000000000000195e-01 1.497800000000000000e+04 0.000000000000000000e+00
1.900000000000000000e+01 1.200000000000000000e+01 8.084437280000000000e+08 1.100000000000000000e+01 2.185000000000000000e+03 9.110000000000000320e-01 1.186000000000000000e+04 0.000000000000000000e+00
1.200000000000000000e+01 5.000000000000000000e+00 8.084437330000000000e+08 1.100000000000000000e+01 2.536000000000000000e+03 8.120000000000000551e-01 1.547800000000000000e+04 0.000000000000000000e+00
2.400000000000000000e+01 1.100000000000000000e+01 8.084470250000000000e+08 1.100000000000000000e+01 2.451000000000000000e+03 9.669999999999999707e-01 4.294000000000000000e+03 0.000000000000000000e+00
1.100000000000000000e+01 4.000000000000000000e+00 8.084470520000000000e+08 1.100000000000000000e+01 2.517000000000000000e+03 9.280000000000000471e-01 1.198400000000000000e+04 0.000000000000000000e+00
1.000000000000000000e+01 9.000000000000000000e+00 8.084470660000000000e+08 1.100000000000000000e+01 2.073000000000000000e+03 8.639999999999999902e-01 1.282800000000000000e+04 0.000000000000000000e+00
1.900000000000000000e+01 1.400000000000000000e+01 8.084470810000000000e+08 1.100000000000000000e+01 1.966000000000000000e+03 8.800000000000000044e-01 1.316900000000000000e+04 0.000000000000000000e+00
9.000000000000000000e+00 1.100000000000000000e+01 8.084470910000000000e+08 1.100000000000000000e+01 1.896000000000000000e+03 8.120000000000000551e-01 4.330000000000000000e+03 0.000000000000000000e+00
1.400000000000000000e+01 3.000000000000000000e+00 8.084470940000000000e+08 1.100000000000000000e+01 2.574000000000000000e+03 8.800000000000000044e-01 9.497000000000000000e+03 0.000000000000000000e+00
1.500000000000000000e+01 3.000000000000000000e+00 8.084471040000000000e+08 1.100000000000000000e+01 2.765000000000000000e+03 9.769999999999999796e-01 7.605000000000000000e+03 0.000000000000000000e+00
1.500000000000000000e+01 5.000000000000000000e+00 8.084516890000000000e+08 1.100000000000000000e+01 2.501000000000000000e+03 9.899999999999999911e-01 8.114000000000000000e+03 0.000000000000000000e+00
1.400000000000000000e+01 7.000000000000000000e+00 8.084517820000000000e+08 1.100000000000000000e+01 2.598000000000000000e+03 9.929999999999999938e-01 1.086000000000000000e+04 0.000000000000000000e+00
2.600000000000000000e+01 1.000000000000000000e+01 8.084549730000000000e+08 1.100000000000000000e+01 2.376000000000000000e+03 9.050000000000000266e-01 7.289000000000000000e+03 0.000000000000000000e+00
2.700000000000000000e+01 7.000000000000000000e+00 8.084549780000000000e+08 1.100000000000000000e+01 2.600000000000000000e+03 7.930000000000000382e-01 2.851000000000000000e+03 0.000000000000000000e+00
1.500000000000000000e+01 1.300000000000000000e+01 8.084554930000000000e+08 1.100000000000000000e+01 2.455000000000000000e+03 8.920000000000000151e-01 7.891000000000000000e+03 0.000000000000000000e+00
2.700000000000000000e+01 1.100000000000000000e+01 8.084555050000000000e+08 1.100000000000000000e+01 2.518000000000000000e+03 1.004000000000000004e+00 2.115000000000000000e+03 0.000000000000000000e+00
1.200000000000000000e+01 6.000000000000000000e+00 8.084555170000000000e+08 1.100000000000000000e+01 2.232000000000000000e+03 7.489999999999999991e-01 1.218500000000000000e+04 0.000000000000000000e+00
2.400000000000000000e+01 1.600000000000000000e+01 8.084611970000000000e+08 1.100000000000000000e+01 3.988000000000000000e+03 1.391000000000000014e+00 6.065000000000000000e+03 0.000000000000000000e+00
1.300000000000000000e+01 4.000000000000000000e+00 8.084653420000000000e+08 1.100000000000000000e+01 2.503000000000000000e+03 8.990000000000000213e-01 1.005000000000000000e+04 0.000000000000000000e+00
2.600000000000000000e+01 6.000000000000000000e+00 8.084675450000000000e+08 1.100000000000000000e+01 2.501000000000000000e+03 8.659999999999999920e-01 1.597200000000000000e+04 0.000000000000000000e+00
9.000000000000000000e+00 5.000000000000000000e+00 8.084675690000000000e+08 1.100000000000000000e+01 2.723000000000000000e+03 1.056999999999999940e+00 6.263000000000000000e+03 0.000000000000000000e+00
9.000000000000000000e+00 1.300000000000000000e+01 8.084683650000000000e+08 1.100000000000000000e+01 1.741000000000000000e+03 7.459999999999999964e-01 6.760000000000000000e+02 0.000000000000000000e+00
2.800000000000000000e+01 1.500000000000000000e+01 8.084683790000000000e+08 1.100000000000000000e+01 2.078000000000000000e+03 8.930000000000000160e-01 4.631000000000000000e+03 0.000000000000000000e+00
2.200000000000000000e+01 1.600000000000000000e+01 8.084693990000000000e+08 1.100000000000000000e+01 2.159000000000000000e+03 1.050000000000000044e+00 5.550000000000000000e+03 0.000000000000000000e+00
2.000000000000000000e+01 2.000000000000000000e+00 8.084695560000000000e+08 1.100000000000000000e+01 1.628000000000000000e+03 6.690000000000000391e-01 2.069500000000000000e+04 1.000000000000000000e+00
1.400000000000000000e+01 9.000000000000000000e+00 8.084703730000000000e+08 1.100000000000000000e+01 2.364000000000000000e+03 8.970000000000000195e-01 1.017200000000000000e+04 0.000000000000000000e+00
9.000000000000000000e+00 1.500000000000000000e+01 8.084742310000000000e+08 1.100000000000000000e+01 1.352000000000000000e+03 6.119999999999999885e-01 7.228000000000000000e+03 0.000000000000000000e+00
1.000000000000000000e+01 8.000000000000000000e+00 8.084742430000000000e+08 1.100000000000000000e+01 2.067000000000000000e+03 8.549999999999999822e-01 1.278500000000000000e+04 0.000000000000000000e+00
1.000000000000000000e+01 2.000000000000000000e+00 8.084742440000000000e+08 1.100000000000000000e+01 2.862000000000000000e+03 9.879999999999999893e-01 5.285000000000000000e+03 0.000000000000000000e+00
2.300000000000000000e+01 1.800000000000000000e+01 8.084743610000000000e+08 1.100000000000000000e+01 1.905000000000000000e+03 8.850000000000000089e-01 5.588000000000000000e+03 0.000000000000000000e+00
1.500000000000000000e+01 1.800000000000000000e+01 8.084743730000000000e+08 1.100000000000000000e+01 2.133000000000000000e+03 8.840000000000000080e-01 1.324300000000000000e+04 0.000000000000000000e+00
2.400000000000000000e+01 1.800000000000000000e+01 8.084745780000000000e+08 1.100000000000000000e+01 2.154000000000000000e+03 9.789999999999999813e-01 4.803000000000000000e+03 0.000000000000000000e+00
1.200000000000000000e+01 1.400000000000000000e+01 8.084745930000000000e+08 1.100000000000000000e+01 2.203000000000000000e+03 8.169999999999999485e-01 1.286500000000000000e+04 0.000000000000000000e+00
1.000000000000000000e+01 1.500000000000000000e+01 8.084746020000000000e+08 1.100000000000000000e+01 1.989000000000000000e+03 8.920000000000000151e-01 1.033600000000000000e+04 0.000000000000000000e+00
2.300000000000000000e+01 1.100000000000000000e+01 8.084767130000000000e+08 1.100000000000000000e+01 2.987000000000000000e+03 9.549999999999999600e-01 7.824000000000000000e+03 0.000000000000000000e+00
1.200000000000000000e+01 1.300000000000000000e+01 8.084767250000000000e+08 1.100000000000000000e+01 2.127000000000000000e+03 7.880000000000000338e-01 1.526500000000000000e+04 0.000000000000000000e+00
2.400000000000000000e+01 7.000000000000000000e+00 8.084770170000000000e+08 1.100000000000000000e+01 2.526000000000000000e+03 9.519999999999999574e-01 5.358000000000000000e+03 0.000000000000000000e+00
1.000000000000000000e+01 1.800000000000000000e+01 8.084804860000000000e+08 1.100000000000000000e+01 1.947000000000000000e+03 8.750000000000000000e-01 3.908000000000000000e+03 0.000000000000000000e+00
1.100000000000000000e+01 1.500000000000000000e+01 8.084805250000000000e+08 1.100000000000000000e+01 1.862000000000000000e+03 7.930000000000000382e-01 8.850000000000000000e+03 0.000000000000000000e+00
2.300000000000000000e+01 8.000000000000000000e+00 8.084852470000000000e+08 1.100000000000000000e+01 2.166000000000000000e+03 8.379999999999999671e-01 1.037900000000000000e+04 0.000000000000000000e+00
1.400000000000000000e+01 6.000000000000000000e+00 8.084852500000000000e+08 1.100000000000000000e+01 2.832000000000000000e+03 9.809999999999999831e-01 1.450400000000000000e+04 0.000000000000000000e+00
2.400000000000000000e+01 5.000000000000000000e+00 8.084888450000000000e+08 1.100000000000000000e+01 2.546000000000000000e+03 8.840000000000000080e-01 1.535000000000000000e+03 0.000000000000000000e+00
2.700000000000000000e+01 1.600000000000000000e+01 8.084890220000000000e+08 1.100000000000000000e+01 1.914000000000000000e+03 8.960000000000000187e-01 1.065300000000000000e+04 0.000000000000000000e+00
1.900000000000000000e+01 1.500000000000000000e+01 8.084891050000000000e+08 1.100000000000000000e+01 1.843000000000000000e+03 8.870000000000000107e-01 1.189000000000000000e+04 0.000000000000000000e+00
3.200000000000000000e+01 1.000000000000000000e+01 8.084891100000000000e+08 1.100000000000000000e+01 2.345000000000000000e+03 9.629999999999999671e-01 5.275000000000000000e+03 0.000000000000000000e+00
2.000000000000000000e+01 7.000000000000000000e+00 8.084906900000000000e+08 1.100000000000000000e+01 2.361000000000000000e+03 9.499999999999999556e-01 1.983800000000000000e+04 1.000000000000000000e+00
2.000000000000000000e+01 1.000000000000000000e+00 8.084917940000000000e+08 1.100000000000000000e+01 2.466000000000000000e+03 9.270000000000000462e-01 2.135400000000000000e+04 1.000000000000000000e+00
2.400000000000000000e+01 1.200000000000000000e+01 8.084931060000000000e+08 1.100000000000000000e+01 2.404000000000000000e+03 1.012999999999999901e+00 6.020000000000000000e+03 0.000000000000000000e+00
1.500000000000000000e+01 6.000000000000000000e+00 8.089470030000000000e+08 1.100000000000000000e+01 2.657000000000000000e+03 9.409999999999999476e-01 1.524900000000000000e+04 0.000000000000000000e+00
2.800000000000000000e+01 1.100000000000000000e+01 8.089474810000000000e+08 1.100000000000000000e+01 2.285000000000000000e+03 9.290000000000000480e-01 8.278000000000000000e+03 0.000000000000000000e+00
1.200000000000000000e+01 8.000000000000000000e+00 8.089475050000000000e+08 1.100000000000000000e+01 2.142000000000000000e+03 8.209999999999999520e-01 1.011200000000000000e+04 0.000000000000000000e+00
1.000000000000000000e+01 1.300000000000000000e+01 8.089499900000000000e+08 1.100000000000000000e+01 2.180000000000000000e+03 8.639999999999999902e-01 9.663000000000000000e+03 0.000000000000000000e+00
2.200000000000000000e+01 1.300000000000000000e+01 8.089500760000000000e+08 1.100000000000000000e+01 2.032000000000000000e+03 9.579999999999999627e-01 7.428000000000000000e+03 0.000000000000000000e+00
1.300000000000000000e+01 1.000000000000000000e+01 8.089524990000000000e+08 1.100000000000000000e+01 2.228000000000000000e+03 7.990000000000000435e-01 8.001000000000000000e+03 0.000000000000000000e+00
3.200000000000000000e+01 2.000000000000000000e+00 8.089531480000000000e+08 1.100000000000000000e+01 2.878000000000000000e+03 9.399999999999999467e-01 2.600000000000000000e+02 0.000000000000000000e+00
1.500000000000000000e+01 8.000000000000000000e+00 8.089536590000000000e+08 1.100000000000000000e+01 2.219000000000000000e+03 8.790000000000000036e-01 7.900000000000000000e+03 0.000000000000000000e+00
2.300000000000000000e+01 3.000000000000000000e+00 8.089536660000000000e+08 1.100000000000000000e+01 2.967000000000000000e+03 9.629999999999999671e-01 1.157800000000000000e+04 0.000000000000000000e+00
2.000000000000000000e+01 1.600000000000000000e+01 8.089567970000000000e+08 1.100000000000000000e+01 1.882000000000000000e+03 9.190000000000000391e-01 2.001400000000000000e+04 1.000000000000000000e+00
1.500000000000000000e+01 1.500000000000000000e+01 8.089569260000000000e+08 1.100000000000000000e+01 1.994000000000000000e+03 9.080000000000000293e-01 9.295000000000000000e+03 0.000000000000000000e+00
2.700000000000000000e+01 1.200000000000000000e+01 8.089569950000000000e+08 1.100000000000000000e+01 2.217000000000000000e+03 9.699999999999999734e-01 1.158000000000000000e+03 0.000000000000000000e+00
2.400000000000000000e+01 8.000000000000000000e+00 8.089570440000000000e+08 1.100000000000000000e+01 2.764000000000000000e+03 9.220000000000000417e-01 5.041000000000000000e+03 0.000000000000000000e+00
1.300000000000000000e+01 1.800000000000000000e+01 8.089573780000000000e+08 1.100000000000000000e+01 2.260000000000000000e+03 1.000999999999999890e+00 1.334700000000000000e+04 0.000000000000000000e+00
2.300000000000000000e+01 4.000000000000000000e+00 8.089573900000000000e+08 1.100000000000000000e+01 2.957000000000000000e+03 9.449999999999999512e-01 1.402000000000000000e+04 0.000000000000000000e+00
1.100000000000000000e+01 1.600000000000000000e+01 8.089583220000000000e+08 1.100000000000000000e+01 2.142000000000000000e+03 9.360000000000000542e-01 1.135800000000000000e+04 0.000000000000000000e+00
1.300000000000000000e+01 1.700000000000000000e+01 8.089583720000000000e+08 1.100000000000000000e+01 2.084000000000000000e+03 8.219999999999999529e-01 1.461900000000000000e+04 0.000000000000000000e+00
2.600000000000000000e+01 1.300000000000000000e+01 8.089583920000000000e+08 1.100000000000000000e+01 2.297000000000000000e+03 9.389999999999999458e-01 3.227000000000000000e+03 0.000000000000000000e+00
2.600000000000000000e+01 1.000000000000000000e+00 8.089585760000000000e+08 1.100000000000000000e+01 2.763000000000000000e+03 0.000000000000000000e+00 1.705000000000000000e+03 0.000000000000000000e+00
1.200000000000000000e+01 1.700000000000000000e+01 8.089585880000000000e+08 1.100000000000000000e+01 2.008000000000000000e+03 7.950000000000000400e-01 1.377100000000000000e+04 0.000000000000000000e+00
1.300000000000000000e+01 1.300000000000000000e+01 8.089585910000000000e+08 1.100000000000000000e+01 1.907000000000000000e+03 7.489999999999999991e-01 1.245600000000000000e+04 0.000000000000000000e+00
2.000000000000000000e+01 8.000000000000000000e+00 8.089589230000000000e+08 1.100000000000000000e+01 2.214000000000000000e+03 9.709999999999999742e-01 1.998300000000000000e+04 1.000000000000000000e+00
2.500000000000000000e+01 5.000000000000000000e+00 8.089593980000000000e+08 1.100000000000000000e+01 2.448000000000000000e+03 9.499999999999999556e-01 2.808900000000000000e+04 1.000000000000000000e+00
1.000000000000000000e+01 3.000000000000000000e+00 8.089594030000000000e+08 1.100000000000000000e+01 2.603000000000000000e+03 9.709999999999999742e-01 6.451000000000000000e+03 0.000000000000000000e+00
2.300000000000000000e+01 9.000000000000000000e+00 8.089595630000000000e+08 1.100000000000000000e+01 2.367000000000000000e+03 9.669999999999999707e-01 9.680000000000000000e+03 0.000000000000000000e+00
1.400000000000000000e+01 4.000000000000000000e+00 8.089597310000000000e+08 1.100000000000000000e+01 2.694000000000000000e+03 9.839999999999999858e-01 1.447200000000000000e+04 0.000000000000000000e+00
1.100000000000000000e+01 6.000000000000000000e+00 8.089603300000000000e+08 1.100000000000000000e+01 2.489000000000000000e+03 8.950000000000000178e-01 1.184000000000000000e+04 0.000000000000000000e+00
1.300000000000000000e+01 5.000000000000000000e+00 8.089604520000000000e+08 1.100000000000000000e+01 3.109000000000000000e+03 8.870000000000000107e-01 1.352700000000000000e+04 0.000000000000000000e+00
2.200000000000000000e+01 4.000000000000000000e+00 8.089604760000000000e+08 1.100000000000000000e+01 2.405000000000000000e+03 9.190000000000000391e-01 6.438000000000000000e+03 0.000000000000000000e+00
2.600000000000000000e+01 2.000000000000000000e+00 8.089612560000000000e+08 1.100000000000000000e+01 2.574000000000000000e+03 9.160000000000000364e-01 8.130000000000000000e+02 0.000000000000000000e+00
1.400000000000000000e+01 1.000000000000000000e+01 8.089612610000000000e+08 1.100000000000000000e+01 2.016000000000000000e+03 9.010000000000000231e-01 1.249800000000000000e+04 0.000000000000000000e+00
1.900000000000000000e+01 1.000000000000000000e+01 8.089613960000000000e+08 1.100000000000000000e+01 1.962000000000000000e+03 8.780000000000000027e-01 1.211400000000000000e+04 0.000000000000000000e+00
2.600000000000000000e+01 1.700000000000000000e+01 8.089614450000000000e+08 1.100000000000000000e+01 2.037000000000000000e+03 8.669999999999999929e-01 1.571100000000000000e+04 0.000000000000000000e+00
2.400000000000000000e+01 1.000000000000000000e+01 8.089614890000000000e+08 1.100000000000000000e+01 2.489000000000000000e+03 9.310000000000000497e-01 1.934000000000000000e+03 0.000000000000000000e+00
2.700000000000000000e+01 1.800000000000000000e+01 8.089615010000000000e+08 1.100000000000000000e+01 2.012000000000000000e+03 7.870000000000000329e-01 2.459000000000000000e+03 0.000000000000000000e+00
2.800000000000000000e+01 4.000000000000000000e+00 8.089616670000000000e+08 1.100000000000000000e+01 2.743000000000000000e+03 9.140000000000000346e-01 4.835000000000000000e+03 0.000000000000000000e+00
1.000000000000000000e+01 1.700000000000000000e+01 8.089617160000000000e+08 1.100000000000000000e+01 1.920000000000000000e+03 9.439999999999999503e-01 3.604000000000000000e+03 0.000000000000000000e+00
1.000000000000000000e+01 4.000000000000000000e+00 8.089643220000000000e+08 1.100000000000000000e+01 2.667000000000000000e+03 8.980000000000000204e-01 2.060000000000000000e+03 0.000000000000000000e+00
2.800000000000000000e+01 5.000000000000000000e+00 8.089647570000000000e+08 1.100000000000000000e+01 2.368000000000000000e+03 8.870000000000000107e-01 1.256200000000000000e+04 0.000000000000000000e+00
1.500000000000000000e+01 2.000000000000000000e+00 8.089648080000000000e+08 1.100000000000000000e+01 2.572000000000000000e+03 9.280000000000000471e-01 7.610000000000000000e+03 0.000000000000000000e+00
2.200000000000000000e+01 3.000000000000000000e+00 8.089648450000000000e+08 1.100000000000000000e+01 2.622000000000000000e+03 9.370000000000000551e-01 7.206000000000000000e+03 0.000000000000000000e+00
1.200000000000000000e+01 1.600000000000000000e+01 8.089648760000000000e+08 1.100000000000000000e+01 1.721000000000000000e+03 7.129999999999999671e-01 1.404800000000000000e+04 0.000000000000000000e+00
1.900000000000000000e+01 1.600000000000000000e+01 8.089648950000000000e+08 1.100000000000000000e+01 1.929000000000000000e+03 8.449999999999999734e-01 1.203000000000000000e+04 0.000000000000000000e+00
1.100000000000000000e+01 3.000000000000000000e+00 8.089649130000000000e+08 1.100000000000000000e+01 2.809000000000000000e+03 9.160000000000000364e-01 1.418300000000000000e+04 0.000000000000000000e+00
1.000000000000000000e+01 7.000000000000000000e+00 8.089649250000000000e+08 1.100000000000000000e+01 2.455000000000000000e+03 9.200000000000000400e-01 1.282500000000000000e+04 0.000000000000000000e+00
1.100000000000000000e+01 7.000000000000000000e+00 8.089649320000000000e+08 1.100000000000000000e+01 2.094000000000000000e+03 7.810000000000000275e-01 1.218700000000000000e+04 0.000000000000000000e+00
9.000000000000000000e+00 1.000000000000000000e+01 8.089659180000000000e+08 1.100000000000000000e+01 2.112000000000000000e+03 8.489999999999999769e-01 4.055000000000000000e+03 0.000000000000000000e+00
2.300000000000000000e+01 1.300000000000000000e+01 8.089660470000000000e+08 1.100000000000000000e+01 2.150000000000000000e+03 9.549999999999999600e-01 7.841000000000000000e+03 0.000000000000000000e+00
1.900000000000000000e+01 6.000000000000000000e+00 8.089662840000000000e+08 1.100000000000000000e+01 2.619000000000000000e+03 9.809999999999999831e-01 5.900000000000000000e+03 0.000000000000000000e+00
9.000000000000000000e+00 4.000000000000000000e+00 8.089662870000000000e+08 1.100000000000000000e+01 2.769000000000000000e+03 9.320000000000000506e-01 4.290000000000000000e+03 0.000000000000000000e+00
2.300000000000000000e+01 7.000000000000000000e+00 8.089676950000000000e+08 1.100000000000000000e+01 2.414000000000000000e+03 9.270000000000000462e-01 1.384500000000000000e+04 0.000000000000000000e+00
3.200000000000000000e+01 5.000000000000000000e+00 8.089690380000000000e+08 1.100000000000000000e+01 2.709000000000000000e+03 9.959999999999999964e-01 1.093700000000000000e+04 0.000000000000000000e+00
3.200000000000000000e+01 1.200000000000000000e+01 8.089694750000000000e+08 1.100000000000000000e+01 2.425000000000000000e+03 9.539999999999999591e-01 5.876000000000000000e+03 0.000000000000000000e+00
1.200000000000000000e+01 7.000000000000000000e+00 8.089713050000000000e+08 1.100000000000000000e+01 2.228000000000000000e+03 7.079999999999999627e-01 1.219300000000000000e+04 0.000000000000000000e+00
1.300000000000000000e+01 1.600000000000000000e+01 8.089716300000000000e+08 1.100000000000000000e+01 2.085000000000000000e+03 8.289999999999999591e-01 1.377000000000000000e+04 0.000000000000000000e+00
1.500000000000000000e+01 1.100000000000000000e+01 8.089716330000000000e+08 1.100000000000000000e+01 2.138000000000000000e+03 9.140000000000000346e-01 1.104200000000000000e+04 0.000000000000000000e+00
1.500000000000000000e+01 4.000000000000000000e+00 8.089717660000000000e+08 1.100000000000000000e+01 2.633000000000000000e+03 9.330000000000000515e-01 1.412700000000000000e+04 0.000000000000000000e+00
1.500000000000000000e+01 1.700000000000000000e+01 8.089718030000000000e+08 1.100000000000000000e+01 2.178000000000000000e+03 8.790000000000000036e-01 1.191600000000000000e+04 0.000000000000000000e+00
1.200000000000000000e+01 1.000000000000000000e+01 8.089719360000000000e+08 1.100000000000000000e+01 2.050000000000000000e+03 7.249999999999999778e-01 1.466200000000000000e+04 0.000000000000000000e+00
1.300000000000000000e+01 6.000000000000000000e+00 8.089719370000000000e+08 1.100000000000000000e+01 2.386000000000000000e+03 7.920000000000000373e-01 1.131000000000000000e+04 0.000000000000000000e+00
1.300000000000000000e+01 3.000000000000000000e+00 8.089723460000000000e+08 1.100000000000000000e+01 2.605000000000000000e+03 8.309999999999999609e-01 1.408400000000000000e+04 0.000000000000000000e+00
2.600000000000000000e+01 8.000000000000000000e+00 8.089724520000000000e+08 1.100000000000000000e+01 2.541000000000000000e+03 9.000000000000000222e-01 1.105200000000000000e+04 0.000000000000000000e+00
1.400000000000000000e+01 2.000000000000000000e+00 8.089724570000000000e+08 1.100000000000000000e+01 2.675000000000000000e+03 9.469999999999999529e-01 1.137000000000000000e+04 0.000000000000000000e+00
2.600000000000000000e+01 1.100000000000000000e+01 8.089724640000000000e+08 1.100000000000000000e+01 2.408000000000000000e+03 9.959999999999999964e-01 8.170000000000000000e+02 0.000000000000000000e+00
9.000000000000000000e+00 1.700000000000000000e+01 8.089725860000000000e+08 1.100000000000000000e+01 1.636000000000000000e+03 7.209999999999999742e-01 7.690000000000000000e+03 0.000000000000000000e+00
1.100000000000000000e+01 1.800000000000000000e+01 8.089726050000000000e+08 1.100000000000000000e+01 1.993000000000000000e+03 8.559999999999999831e-01 7.585000000000000000e+03 0.000000000000000000e+00
2.000000000000000000e+01 3.000000000000000000e+00 8.089726870000000000e+08 1.100000000000000000e+01 2.432000000000000000e+03 9.290000000000000480e-01 1.837700000000000000e+04 1.000000000000000000e+00
1.100000000000000000e+01 5.000000000000000000e+00 8.089739360000000000e+08 1.100000000000000000e+01 2.701000000000000000e+03 1.020000000000000018e+00 1.373800000000000000e+04 0.000000000000000000e+00
2.000000000000000000e+01 1.200000000000000000e+01 8.089747260000000000e+08 1.100000000000000000e+01 1.891000000000000000e+03 8.790000000000000036e-01 2.138500000000000000e+04 1.000000000000000000e+00
2.700000000000000000e+01 8.000000000000000000e+00 8.089749230000000000e+08 1.100000000000000000e+01 2.254000000000000000e+03 8.960000000000000187e-01 6.596000000000000000e+03 0.000000000000000000e+00
9.000000000000000000e+00 2.000000000000000000e+00 8.089749280000000000e+08 1.100000000000000000e+01 2.853000000000000000e+03 9.989999999999999991e-01 4.284000000000000000e+03 0.000000000000000000e+00
1.100000000000000000e+01 8.000000000000000000e+00 8.089750100000000000e+08 1.100000000000000000e+01 2.286000000000000000e+03 9.479999999999999538e-01 1.183500000000000000e+04 0.000000000000000000e+00
1.400000000000000000e+01 1.600000000000000000e+01 8.089761600000000000e+08 1.100000000000000000e+01 2.028000000000000000e+03 9.629999999999999671e-01 1.369200000000000000e+04 0.000000000000000000e+00
1.100000000000000000e+01 1.400000000000000000e+01 8.089762060000000000e+08 1.100000000000000000e+01 1.919000000000000000e+03 8.379999999999999671e-01 1.004300000000000000e+04 0.000000000000000000e+00
1.500000000000000000e+01 9.000000000000000000e+00 8.089762070000000000e+08 1.100000000000000000e+01 2.319000000000000000e+03 9.469999999999999529e-01 7.611000000000000000e+03 0.000000000000000000e+00
1.200000000000000000e+01 1.100000000000000000e+01 8.089762320000000000e+08 1.100000000000000000e+01 2.172000000000000000e+03 7.780000000000000249e-01 1.411800000000000000e+04 0.000000000000000000e+00
1.400000000000000000e+01 1.100000000000000000e+01 8.089762330000000000e+08 1.100000000000000000e+01 2.265000000000000000e+03 9.689999999999999725e-01 8.628000000000000000e+03 0.000000000000000000e+00
1.500000000000000000e+01 1.600000000000000000e+01 8.089762520000000000e+08 1.100000000000000000e+01 1.978000000000000000e+03 8.910000000000000142e-01 9.938000000000000000e+03 0.000000000000000000e+00
1.400000000000000000e+01 1.300000000000000000e+01 8.089762650000000000e+08 1.100000000000000000e+01 2.033000000000000000e+03 9.010000000000000231e-01 1.211700000000000000e+04 0.000000000000000000e+00
1.500000000000000000e+01 1.400000000000000000e+01 8.089762930000000000e+08 1.100000000000000000e+01 1.951000000000000000e+03 8.629999999999999893e-01 1.170100000000000000e+04 0.000000000000000000e+00
1.400000000000000000e+01 1.800000000000000000e+01 8.089763190000000000e+08 1.100000000000000000e+01 1.929000000000000000e+03 8.830000000000000071e-01 1.371200000000000000e+04 0.000000000000000000e+00
2.100000000000000000e+01 6.000000000000000000e+00 8.089763510000000000e+08 1.100000000000000000e+01 2.284000000000000000e+03 9.499999999999999556e-01 2.893900000000000000e+04 1.000000000000000000e+00
1.400000000000000000e+01 1.700000000000000000e+01 8.089763520000000000e+08 1.100000000000000000e+01 2.051000000000000000e+03 8.780000000000000027e-01 1.369000000000000000e+04 0.000000000000000000e+00
1.000000000000000000e+01 1.600000000000000000e+01 8.089770150000000000e+08 1.100000000000000000e+01 1.861000000000000000e+03 6.860000000000000542e-01 4.549000000000000000e+03 0.000000000000000000e+00
2.200000000000000000e+01 1.800000000000000000e+01 8.089771120000000000e+08 1.100000000000000000e+01 2.115000000000000000e+03 1.014000000000000012e+00 1.099100000000000000e+04 0.000000000000000000e+00
1.900000000000000000e+01 7.000000000000000000e+00 8.089775150000000000e+08 1.100000000000000000e+01 2.468000000000000000e+03 9.170000000000000373e-01 1.501200000000000000e+04 0.000000000000000000e+00
2.600000000000000000e+01 1.500000000000000000e+01 8.089775630000000000e+08 1.100000000000000000e+01 2.155000000000000000e+03 9.919999999999999929e-01 1.399900000000000000e+04 0.000000000000000000e+00
1.100000000000000000e+01 9.000000000000000000e+00 8.089785570000000000e+08 1.100000000000000000e+01 2.082000000000000000e+03 8.449999999999999734e-01 5.396000000000000000e+03 0.000000000000000000e+00
2.200000000000000000e+01 5.000000000000000000e+00 8.089785610000000000e+08 1.100000000000000000e+01 2.399000000000000000e+03 9.030000000000000249e-01 1.226700000000000000e+04 0.000000000000000000e+00
2.800000000000000000e+01 8.000000000000000000e+00 8.089785820000000000e+08 1.100000000000000000e+01 2.048000000000000000e+03 7.660000000000000142e-01 1.281700000000000000e+04 0.000000000000000000e+00
1.000000000000000000e+01 1.000000000000000000e+01 8.089786460000000000e+08 1.100000000000000000e+01 2.234000000000000000e+03 8.790000000000000036e-01 7.443000000000000000e+03 0.000000000000000000e+00
2.000000000000000000e+01 5.000000000000000000e+00 8.089790690000000000e+08 1.100000000000000000e+01 2.359000000000000000e+03 9.579999999999999627e-01 2.072100000000000000e+04 1.000000000000000000e+00
2.300000000000000000e+01 2.000000000000000000e+00 8.089790720000000000e+08 1.100000000000000000e+01 2.755000000000000000e+03 9.669999999999999707e-01 1.222200000000000000e+04 0.000000000000000000e+00
2.000000000000000000e+01 1.800000000000000000e+01 8.089796920000000000e+08 1.100000000000000000e+01 1.781000000000000000e+03 9.080000000000000293e-01 2.039800000000000000e+04 1.000000000000000000e+00
1.400000000000000000e+01 5.000000000000000000e+00 8.089799130000000000e+08 1.100000000000000000e+01 2.712000000000000000e+03 9.759999999999999787e-01 1.459800000000000000e+04 0.000000000000000000e+00
2.800000000000000000e+01 2.000000000000000000e+00 8.089800700000000000e+08 1.100000000000000000e+01 2.612000000000000000e+03 8.970000000000000195e-01 1.052800000000000000e+04 0.000000000000000000e+00
2.600000000000000000e+01 5.000000000000000000e+00 8.089810870000000000e+08 1.100000000000000000e+01 2.552000000000000000e+03 9.050000000000000266e-01 1.569600000000000000e+04 0.000000000000000000e+00
2.700000000000000000e+01 4.000000000000000000e+00 8.089811180000000000e+08 1.100000000000000000e+01 2.669000000000000000e+03 9.559999999999999609e-01 5.794000000000000000e+03 0.000000000000000000e+00
1.200000000000000000e+01 9.000000000000000000e+00 8.089811210000000000e+08 1.100000000000000000e+01 2.360000000000000000e+03 7.880000000000000338e-01 1.472600000000000000e+04 0.000000000000000000e+00
2.400000000000000000e+01 1.000000000000000000e+00 8.089811310000000000e+08 1.100000000000000000e+01 2.808000000000000000e+03 9.200000000000000400e-01 1.089700000000000000e+04 0.000000000000000000e+00
2.600000000000000000e+01 9.000000000000000000e+00 8.089811940000000000e+08 1.100000000000000000e+01 2.136000000000000000e+03 1.014000000000000012e+00 1.273600000000000000e+04 0.000000000000000000e+00
2.700000000000000000e+01 9.000000000000000000e+00 8.089812060000000000e+08 1.100000000000000000e+01 2.194000000000000000e+03 8.729999999999999982e-01 4.481000000000000000e+03 0.000000000000000000e+00
1.300000000000000000e+01 8.000000000000000000e+00 8.089812110000000000e+08 1.100000000000000000e+01 2.483000000000000000e+03 1.002999999999999892e+00 1.322700000000000000e+04 0.000000000000000000e+00
2.300000000000000000e+01 1.400000000000000000e+01 8.089812230000000000e+08 1.100000000000000000e+01 2.395000000000000000e+03 9.379999999999999449e-01 1.477400000000000000e+04 0.000000000000000000e+00
1.000000000000000000e+01 1.400000000000000000e+01 8.089813690000000000e+08 1.100000000000000000e+01 1.954000000000000000e+03 8.139999999999999458e-01 9.742000000000000000e+03 0.000000000000000000e+00
1.200000000000000000e+01 1.500000000000000000e+01 8.089815030000000000e+08 1.100000000000000000e+01 1.867000000000000000e+03 7.720000000000000195e-01 7.945000000000000000e+03 0.000000000000000000e+00
3.200000000000000000e+01 4.000000000000000000e+00 8.089816660000000000e+08 1.100000000000000000e+01 2.840000000000000000e+03 9.979999999999999982e-01 2.763000000000000000e+03 0.000000000000000000e+00
2.400000000000000000e+01 9.000000000000000000e+00 8.089816890000000000e+08 1.100000000000000000e+01 2.252000000000000000e+03 9.050000000000000266e-01 5.936000000000000000e+03 0.000000000000000000e+00
1.300000000000000000e+01 1.200000000000000000e+01 8.089818390000000000e+08 1.100000000000000000e+01 2.112000000000000000e+03 7.960000000000000409e-01 8.009000000000000000e+03 0.000000000000000000e+00
2.400000000000000000e+01 1.400000000000000000e+01 8.089818660000000000e+08 1.100000000000000000e+01 2.090000000000000000e+03 8.709999999999999964e-01 7.310000000000000000e+03 0.000000000000000000e+00
2.000000000000000000e+01 1.700000000000000000e+01 8.089819130000000000e+08 1.100000000000000000e+01 1.885000000000000000e+03 8.990000000000000213e-01 2.102800000000000000e+04 1.000000000000000000e+00
1.900000000000000000e+01 1.700000000000000000e+01 8.089820060000000000e+08 1.100000000000000000e+01 1.871000000000000000e+03 7.650000000000000133e-01 9.727000000000000000e+03 0.000000000000000000e+00
1.900000000000000000e+01 9.000000000000000000e+00 8.089820420000000000e+08 1.100000000000000000e+01 2.546000000000000000e+03 9.050000000000000266e-01 1.207500000000000000e+04 0.000000000000000000e+00
2.400000000000000000e+01 4.000000000000000000e+00 8.089825380000000000e+08 1.100000000000000000e+01 2.488000000000000000e+03 9.140000000000000346e-01 4.792000000000000000e+03 0.000000000000000000e+00
2.200000000000000000e+01 1.000000000000000000e+00 8.089825500000000000e+08 1.100000000000000000e+01 2.653000000000000000e+03 9.150000000000000355e-01 4.603000000000000000e+03 0.000000000000000000e+00
1.900000000000000000e+01 1.100000000000000000e+01 8.089825710000000000e+08 1.100000000000000000e+01 2.062000000000000000e+03 9.010000000000000231e-01 1.207600000000000000e+04 0.000000000000000000e+00
2.200000000000000000e+01 1.400000000000000000e+01 8.089826080000000000e+08 1.100000000000000000e+01 2.289000000000000000e+03 1.050999999999999934e+00 4.155000000000000000e+03 0.000000000000000000e+00
3.200000000000000000e+01 1.500000000000000000e+01 8.089826110000000000e+08 1.100000000000000000e+01 2.172000000000000000e+03 1.002999999999999892e+00 3.542000000000000000e+03 0.000000000000000000e+00
2.700000000000000000e+01 1.700000000000000000e+01 8.089827060000000000e+08 1.100000000000000000e+01 2.210000000000000000e+03 9.569999999999999618e-01 2.446000000000000000e+03 0.000000000000000000e+00
1.500000000000000000e+01 1.200000000000000000e+01 8.089838600000000000e+08 1.100000000000000000e+01 2.258000000000000000e+03 9.320000000000000506e-01 1.111200000000000000e+04 0.000000000000000000e+00
1.000000000000000000e+01 1.000000000000000000e+00 8.089842070000000000e+08 1.100000000000000000e+01 2.600000000000000000e+03 9.090000000000000302e-01 6.802000000000000000e+03 0.000000000000000000e+00
3.200000000000000000e+01 1.800000000000000000e+01 8.089845860000000000e+08 1.100000000000000000e+01 2.066000000000000000e+03 9.519999999999999574e-01 3.122000000000000000e+03 0.000000000000000000e+00
3.200000000000000000e+01 1.300000000000000000e+01 8.089845910000000000e+08 1.100000000000000000e+01 2.577000000000000000e+03 9.469999999999999529e-01 3.339000000000000000e+03 0.000000000000000000e+00
2.200000000000000000e+01 1.700000000000000000e+01 8.089845980000000000e+08 1.100000000000000000e+01 2.093000000000000000e+03 1.018999999999999906e+00 7.359000000000000000e+03 0.000000000000000000e+00
3.200000000000000000e+01 3.000000000000000000e+00 8.089846030000000000e+08 1.100000000000000000e+01 3.025000000000000000e+03 9.360000000000000542e-01 5.405000000000000000e+03 0.000000000000000000e+00
1.200000000000000000e+01 3.000000000000000000e+00 8.089846100000000000e+08 1.100000000000000000e+01 2.382000000000000000e+03 7.570000000000000062e-01 5.648000000000000000e+03 0.000000000000000000e+00
1.000000000000000000e+01 1.200000000000000000e+01 8.089846620000000000e+08 1.100000000000000000e+01 2.242000000000000000e+03 8.780000000000000027e-01 9.724000000000000000e+03 0.000000000000000000e+00
1.000000000000000000e+01 1.100000000000000000e+01 8.089847170000000000e+08 1.100000000000000000e+01 1.982000000000000000e+03 7.640000000000000124e-01 7.560000000000000000e+03 0.000000000000000000e+00
3.200000000000000000e+01 6.000000000000000000e+00 8.089847530000000000e+08 1.100000000000000000e+01 2.731000000000000000e+03 9.290000000000000480e-01 3.132000000000000000e+03 0.000000000000000000e+00
3.200000000000000000e+01 8.000000000000000000e+00 8.089850610000000000e+08 1.100000000000000000e+01 2.442000000000000000e+03 9.489999999999999547e-01 3.280000000000000000e+03 0.000000000000000000e+00
2.800000000000000000e+01 1.800000000000000000e+01 8.089850710000000000e+08 1.100000000000000000e+01 2.229000000000000000e+03 9.699999999999999734e-01 1.569200000000000000e+04 0.000000000000000000e+00
1.100000000000000000e+01 2.000000000000000000e+00 8.089857960000000000e+08 1.100000000000000000e+01 2.712000000000000000e+03 9.040000000000000258e-01 1.361200000000000000e+04 0.000000000000000000e+00
1.400000000000000000e+01 1.200000000000000000e+01 8.089858030000000000e+08 1.100000000000000000e+01 2.252000000000000000e+03 9.409999999999999476e-01 1.492300000000000000e+04 0.000000000000000000e+00
2.300000000000000000e+01 1.000000000000000000e+00 8.089863920000000000e+08 1.100000000000000000e+01 2.949000000000000000e+03 1.024000000000000021e+00 1.549100000000000000e+04 0.000000000000000000e+00
3.200000000000000000e+01 1.400000000000000000e+01 8.089864100000000000e+08 1.100000000000000000e+01 2.003000000000000000e+03 8.179999999999999494e-01 1.584000000000000000e+03 0.000000000000000000e+00
1.100000000000000000e+01 1.100000000000000000e+01 8.089864220000000000e+08 1.100000000000000000e+01 2.076000000000000000e+03 8.639999999999999902e-01 4.013000000000000000e+03 0.000000000000000000e+00
2.800000000000000000e+01 1.200000000000000000e+01 8.089867710000000000e+08 1.100000000000000000e+01 2.326000000000000000e+03 8.850000000000000089e-01 6.411000000000000000e+03 0.000000000000000000e+00
1.300000000000000000e+01 7.000000000000000000e+00 8.089870050000000000e+08 1.100000000000000000e+01 2.300000000000000000e+03 8.519999999999999796e-01 8.002000000000000000e+03 0.000000000000000000e+00
3.200000000000000000e+01 1.600000000000000000e+01 8.089870630000000000e+08 1.100000000000000000e+01 2.143000000000000000e+03 9.170000000000000373e-01 6.740000000000000000e+03 0.000000000000000000e+00
3.200000000000000000e+01 1.700000000000000000e+01 8.089870640000000000e+08 1.100000000000000000e+01 1.963000000000000000e+03 8.830000000000000071e-01 1.420000000000000000e+04 0.000000000000000000e+00
1.900000000000000000e+01 8.000000000000000000e+00 8.089870750000000000e+08 1.100000000000000000e+01 2.427000000000000000e+03 9.429999999999999494e-01 1.398000000000000000e+04 0.000000000000000000e+00
2.200000000000000000e+01 7.000000000000000000e+00 8.089870980000000000e+08 1.100000000000000000e+01 2.381000000000000000e+03 8.820000000000000062e-01 1.323000000000000000e+03 0.000000000000000000e+00
2.000000000000000000e+01 6.000000000000000000e+00 8.089871080000000000e+08 1.100000000000000000e+01 2.149000000000000000e+03 9.220000000000000417e-01 2.005700000000000000e+04 1.000000000000000000e+00
9.000000000000000000e+00 1.400000000000000000e+01 8.089871210000000000e+08 1.100000000000000000e+01 1.722000000000000000e+03 8.010000000000000453e-01 3.154000000000000000e+03 0.000000000000000000e+00
2.300000000000000000e+01 1.000000000000000000e+01 8.089877890000000000e+08 1.100000000000000000e+01 2.539000000000000000e+03 9.919999999999999929e-01 1.376200000000000000e+04 0.000000000000000000e+00
2.200000000000000000e+01 9.000000000000000000e+00 8.089879500000000000e+08 1.100000000000000000e+01 2.267000000000000000e+03 9.379999999999999449e-01 5.974000000000000000e+03 0.000000000000000000e+00
2.800000000000000000e+01 7.000000000000000000e+00 8.089882380000000000e+08 1.100000000000000000e+01 2.368000000000000000e+03 8.719999999999999973e-01 7.872000000000000000e+03 0.000000000000000000e+00
1.400000000000000000e+01 1.000000000000000000e+00 8.089899100000000000e+08 1.100000000000000000e+01 2.600000000000000000e+03 1.048999999999999932e+00 1.204700000000000000e+04 0.000000000000000000e+00
2.400000000000000000e+01 6.000000000000000000e+00 8.089918960000000000e+08 1.100000000000000000e+01 2.214000000000000000e+03 8.589999999999999858e-01 5.326000000000000000e+03 0.000000000000000000e+00
2.400000000000000000e+01 3.000000000000000000e+00 8.089919420000000000e+08 1.100000000000000000e+01 1.948000000000000000e+03 1.370000000000000107e-01 1.212000000000000000e+03 0.000000000000000000e+00
2.200000000000000000e+01 6.000000000000000000e+00 8.089919470000000000e+08 1.100000000000000000e+01 2.632000000000000000e+03 1.020999999999999908e+00 6.843000000000000000e+03 0.000000000000000000e+00
2.200000000000000000e+01 1.000000000000000000e+01 8.089919550000000000e+08 1.100000000000000000e+01 2.498000000000000000e+03 9.549999999999999600e-01 1.051100000000000000e+04 0.000000000000000000e+00
2.000000000000000000e+01 9.000000000000000000e+00 8.089919600000000000e+08 1.100000000000000000e+01 2.039000000000000000e+03 9.120000000000000329e-01 1.999200000000000000e+04 1.000000000000000000e+00
2.200000000000000000e+01 8.000000000000000000e+00 8.089919670000000000e+08 1.100000000000000000e+01 2.303000000000000000e+03 9.659999999999999698e-01 1.321000000000000000e+03 0.000000000000000000e+00
1.900000000000000000e+01 2.000000000000000000e+00 8.089919790000000000e+08 1.100000000000000000e+01 2.493000000000000000e+03 9.050000000000000266e-01 1.609000000000000000e+03 0.000000000000000000e+00
9.000000000000000000e+00 1.000000000000000000e+00 8.089926030000000000e+08 1.100000000000000000e+01 2.919000000000000000e+03 9.829999999999999849e-01 4.943000000000000000e+03 0.000000000000000000e+00
2.600000000000000000e+01 7.000000000000000000e+00 8.089930880000000000e+08 1.100000000000000000e+01 2.520000000000000000e+03 8.750000000000000000e-01 8.268000000000000000e+03 0.000000000000000000e+00
1.300000000000000000e+01 1.100000000000000000e+01 8.089930890000000000e+08 1.100000000000000000e+01 2.289000000000000000e+03 7.680000000000000160e-01 1.350900000000000000e+04 0.000000000000000000e+00
2.800000000000000000e+01 1.300000000000000000e+01 8.089935740000000000e+08 1.100000000000000000e+01 2.228000000000000000e+03 9.080000000000000293e-01 7.873000000000000000e+03 0.000000000000000000e+00
2.800000000000000000e+01 1.000000000000000000e+01 8.089935920000000000e+08 1.100000000000000000e+01 1.762000000000000000e+03 7.630000000000000115e-01 1.465000000000000000e+03 0.000000000000000000e+00
3.200000000000000000e+01 9.000000000000000000e+00 8.089945240000000000e+08 1.100000000000000000e+01 2.500000000000000000e+03 1.020000000000000018e+00 8.957000000000000000e+03 0.000000000000000000e+00
2.300000000000000000e+01 1.600000000000000000e+01 8.089946160000000000e+08 1.100000000000000000e+01 1.973000000000000000e+03 9.370000000000000551e-01 7.530000000000000000e+02 0.000000000000000000e+00
9.000000000000000000e+00 3.000000000000000000e+00 8.089954810000000000e+08 1.100000000000000000e+01 2.713000000000000000e+03 9.020000000000000240e-01 7.715000000000000000e+03 0.000000000000000000e+00
9.000000000000000000e+00 8.000000000000000000e+00 8.089964200000000000e+08 1.100000000000000000e+01 2.475000000000000000e+03 9.280000000000000471e-01 4.179000000000000000e+03 0.000000000000000000e+00
2.800000000000000000e+01 1.400000000000000000e+01 8.089972400000000000e+08 1.100000000000000000e+01 2.501000000000000000e+03 9.130000000000000338e-01 1.352000000000000000e+04 0.000000000000000000e+00
2.800000000000000000e+01 9.000000000000000000e+00 8.089972530000000000e+08 1.100000000000000000e+01 2.362000000000000000e+03 8.689999999999999947e-01 1.396300000000000000e+04 0.000000000000000000e+00
1.200000000000000000e+01 2.000000000000000000e+00 8.089984010000000000e+08 1.100000000000000000e+01 2.330000000000000000e+03 7.500000000000000000e-01 9.180000000000000000e+02 0.000000000000000000e+00
1.900000000000000000e+01 4.000000000000000000e+00 8.089987070000000000e+08 1.100000000000000000e+01 2.432000000000000000e+03 8.920000000000000151e-01 1.591100000000000000e+04 0.000000000000000000e+00
1.500000000000000000e+01 7.000000000000000000e+00 8.089988240000000000e+08 1.100000000000000000e+01 2.538000000000000000e+03 9.310000000000000497e-01 9.169000000000000000e+03 0.000000000000000000e+00
2.700000000000000000e+01 5.000000000000000000e+00 8.089989660000000000e+08 1.100000000000000000e+01 2.743000000000000000e+03 1.018999999999999906e+00 4.065000000000000000e+03 0.000000000000000000e+00
2.400000000000000000e+01 1.700000000000000000e+01 8.090007130000000000e+08 1.100000000000000000e+01 2.071000000000000000e+03 9.659999999999999698e-01 6.570000000000000000e+03 0.000000000000000000e+00
1.300000000000000000e+01 1.000000000000000000e+00 8.090031610000000000e+08 1.100000000000000000e+01 2.745000000000000000e+03 8.189999999999999503e-01 1.027300000000000000e+04 0.000000000000000000e+00
2.700000000000000000e+01 1.500000000000000000e+01 8.090037750000000000e+08 1.100000000000000000e+01 2.008000000000000000e+03 9.210000000000000409e-01 9.560000000000000000e+02 0.000000000000000000e+00
2.800000000000000000e+01 3.000000000000000000e+00 8.090042520000000000e+08 1.100000000000000000e+01 2.905000000000000000e+03 9.939999999999999947e-01 3.485000000000000000e+03 0.000000000000000000e+00
2.200000000000000000e+01 2.000000000000000000e+00 8.090061750000000000e+08 1.100000000000000000e+01 2.473000000000000000e+03 8.479999999999999760e-01 6.177000000000000000e+03 0.000000000000000000e+00
1.900000000000000000e+01 5.000000000000000000e+00 8.090076380000000000e+08 1.100000000000000000e+01 2.593000000000000000e+03 9.399999999999999467e-01 1.242000000000000000e+03 0.000000000000000000e+00
9.000000000000000000e+00 1.600000000000000000e+01 8.095032990000000000e+08 1.100000000000000000e+01 1.921000000000000000e+03 9.509999999999999565e-01 4.176000000000000000e+03 0.000000000000000000e+00
2.600000000000000000e+01 4.000000000000000000e+00 8.095034040000000000e+08 1.100000000000000000e+01 2.536000000000000000e+03 9.409999999999999476e-01 1.088400000000000000e+04 0.000000000000000000e+00
2.200000000000000000e+01 1.100000000000000000e+01 8.095034070000000000e+08 1.100000000000000000e+01 2.045000000000000000e+03 9.499999999999999556e-01 6.881000000000000000e+03 0.000000000000000000e+00
1.100000000000000000e+01 1.200000000000000000e+01 8.095206520000000000e+08 1.100000000000000000e+01 2.213000000000000000e+03 9.370000000000000551e-01 1.226200000000000000e+04 0.000000000000000000e+00
1.300000000000000000e+01 1.500000000000000000e+01 8.095208190000000000e+08 1.100000000000000000e+01 2.096000000000000000e+03 8.139999999999999458e-01 1.139600000000000000e+04 0.000000000000000000e+00
2.700000000000000000e+01 1.000000000000000000e+00 8.095214740000000000e+08 1.100000000000000000e+01 2.005000000000000000e+03 6.099999999999999867e-01 3.277000000000000000e+03 0.000000000000000000e+00
1.900000000000000000e+01 3.000000000000000000e+00 8.095244370000000000e+08 1.100000000000000000e+01 2.392000000000000000e+03 9.270000000000000462e-01 1.605000000000000000e+03 0.000000000000000000e+00
2.700000000000000000e+01 1.300000000000000000e+01 8.095244450000000000e+08 1.100000000000000000e+01 2.162000000000000000e+03 9.669999999999999707e-01 6.124000000000000000e+03 0.000000000000000000e+00
2.700000000000000000e+01 2.000000000000000000e+00 8.095260900000000000e+08 1.100000000000000000e+01 2.291000000000000000e+03 7.339999999999999858e-01 3.271000000000000000e+03 0.000000000000000000e+00
2.700000000000000000e+01 3.000000000000000000e+00 8.095261020000000000e+08 1.100000000000000000e+01 2.864000000000000000e+03 1.028000000000000025e+00 4.915000000000000000e+03 0.000000000000000000e+00
3.200000000000000000e+01 1.000000000000000000e+00 8.095261090000000000e+08 1.100000000000000000e+01 2.447000000000000000e+03 8.629999999999999893e-01 3.930000000000000000e+02 0.000000000000000000e+00
2.200000000000000000e+01 1.200000000000000000e+01 8.095261220000000000e+08 1.100000000000000000e+01 2.325000000000000000e+03 1.018000000000000016e+00 4.072000000000000000e+03 0.000000000000000000e+00
3.200000000000000000e+01 1.100000000000000000e+01 8.095386360000000000e+08 1.100000000000000000e+01 2.433000000000000000e+03 9.250000000000000444e-01 5.745000000000000000e+03 0.000000000000000000e+00
3.200000000000000000e+01 7.000000000000000000e+00 8.095386370000000000e+08 1.100000000000000000e+01 2.390000000000000000e+03 9.429999999999999494e-01 6.731000000000000000e+03 0.000000000000000000e+00
1.200000000000000000e+01 1.000000000000000000e+00 8.095386600000000000e+08 1.100000000000000000e+01 2.398000000000000000e+03 7.329999999999999849e-01 9.120000000000000000e+02 0.000000000000000000e+00
2.000000000000000000e+01 1.300000000000000000e+01 8.095387690000000000e+08 1.100000000000000000e+01 1.980000000000000000e+03 9.200000000000000400e-01 1.997200000000000000e+04 1.000000000000000000e+00
2.300000000000000000e+01 5.000000000000000000e+00 8.095387930000000000e+08 1.100000000000000000e+01 2.439000000000000000e+03 8.980000000000000204e-01 4.666000000000000000e+03 0.000000000000000000e+00
1.000000000000000000e+01 5.000000000000000000e+00 8.095388050000000000e+08 1.100000000000000000e+01 2.900000000000000000e+03 9.200000000000000400e-01 3.674000000000000000e+03 0.000000000000000000e+00
2.000000000000000000e+01 1.400000000000000000e+01 8.095487940000000000e+08 1.100000000000000000e+01 2.101000000000000000e+03 9.709999999999999742e-01 2.002900000000000000e+04 1.000000000000000000e+00
1.900000000000000000e+01 1.800000000000000000e+01 8.095487970000000000e+08 1.100000000000000000e+01 1.877000000000000000e+03 8.750000000000000000e-01 1.308700000000000000e+04 0.000000000000000000e+00
2.500000000000000000e+01 1.000000000000000000e+01 8.169190710000000000e+08 1.100000000000000000e+01 2.099000000000000000e+03 8.780000000000000027e-01 2.891700000000000000e+04 1.000000000000000000e+00
2.500000000000000000e+01 2.000000000000000000e+00 8.169191420000000000e+08 1.100000000000000000e+01 2.858000000000000000e+03 9.270000000000000462e-01 1.140200000000000000e+04 0.000000000000000000e+00
2.100000000000000000e+01 1.100000000000000000e+01 8.169191510000000000e+08 1.100000000000000000e+01 1.995000000000000000e+03 9.310000000000000497e-01 2.030300000000000000e+04 1.000000000000000000e+00
2.100000000000000000e+01 1.500000000000000000e+01 8.169191540000000000e+08 1.100000000000000000e+01 1.773000000000000000e+03 8.479999999999999760e-01 2.775200000000000000e+04 1.000000000000000000e+00
2.500000000000000000e+01 1.100000000000000000e+01 8.169197010000000000e+08 1.100000000000000000e+01 2.057000000000000000e+03 9.240000000000000435e-01 2.891400000000000000e+04 1.000000000000000000e+00
2.500000000000000000e+01 4.000000000000000000e+00 8.169284050000000000e+08 1.100000000000000000e+01 2.449000000000000000e+03 9.619999999999999662e-01 2.942600000000000000e+04 1.000000000000000000e+00
2.100000000000000000e+01 8.000000000000000000e+00 8.169299140000000000e+08 1.100000000000000000e+01 2.093000000000000000e+03 9.479999999999999538e-01 2.031900000000000000e+04 1.000000000000000000e+00
2.100000000000000000e+01 1.200000000000000000e+01 8.169299990000000000e+08 1.100000000000000000e+01 1.977000000000000000e+03 9.220000000000000417e-01 2.765700000000000000e+04 1.000000000000000000e+00
2.100000000000000000e+01 1.400000000000000000e+01 8.169308090000000000e+08 1.100000000000000000e+01 1.958000000000000000e+03 9.689999999999999725e-01 2.066200000000000000e+04 1.000000000000000000e+00
2.100000000000000000e+01 1.800000000000000000e+01 8.169435310000000000e+08 1.100000000000000000e+01 1.815000000000000000e+03 8.760000000000000009e-01 2.946200000000000000e+04 1.000000000000000000e+00
2.100000000000000000e+01 5.000000000000000000e+00 8.169641220000000000e+08 1.100000000000000000e+01 2.266000000000000000e+03 9.479999999999999538e-01 2.065800000000000000e+04 1.000000000000000000e+00
2.100000000000000000e+01 1.700000000000000000e+01 8.169785760000000000e+08 1.100000000000000000e+01 1.977000000000000000e+03 9.779999999999999805e-01 2.097400000000000000e+04 1.000000000000000000e+00
2.500000000000000000e+01 1.400000000000000000e+01 8.169785880000000000e+08 1.100000000000000000e+01 1.953000000000000000e+03 8.950000000000000178e-01 2.782600000000000000e+04 1.000000000000000000e+00
2.600000000000000000e+01 3.000000000000000000e+00 8.169823230000000000e+08 1.100000000000000000e+01 2.508000000000000000e+03 8.990000000000000213e-01 1.573800000000000000e+04 0.000000000000000000e+00
2.500000000000000000e+01 1.700000000000000000e+01 8.169857150000000000e+08 1.100000000000000000e+01 1.832000000000000000e+03 9.370000000000000551e-01 2.940400000000000000e+04 1.000000000000000000e+00
3.000000000000000000e+01 1.000000000000000000e+00 8.172848190000000000e+08 1.100000000000000000e+01 2.722000000000000000e+03 9.669999999999999707e-01 3.897700000000000000e+04 1.000000000000000000e+00
3.000000000000000000e+01 1.800000000000000000e+01 8.172875570000000000e+08 1.100000000000000000e+01 2.003000000000000000e+03 9.719999999999999751e-01 3.755700000000000000e+04 1.000000000000000000e+00
3.000000000000000000e+01 1.200000000000000000e+01 8.172934040000000000e+08 1.100000000000000000e+01 2.132000000000000000e+03 9.679999999999999716e-01 3.896900000000000000e+04 1.000000000000000000e+00
3.000000000000000000e+01 1.600000000000000000e+01 8.172972170000000000e+08 1.100000000000000000e+01 2.092000000000000000e+03 1.008999999999999897e+00 3.746400000000000000e+04 1.000000000000000000e+00
3.000000000000000000e+01 1.300000000000000000e+01 8.172994730000000000e+08 1.100000000000000000e+01 2.109000000000000000e+03 9.669999999999999707e-01 3.909900000000000000e+04 1.000000000000000000e+00
2.800000000000000000e+01 1.600000000000000000e+01 8.173007990000000000e+08 1.100000000000000000e+01 1.954000000000000000e+03 9.200000000000000400e-01 3.741400000000000000e+04 1.000000000000000000e+00
2.100000000000000000e+01 9.000000000000000000e+00 8.173023830000000000e+08 1.100000000000000000e+01 2.002000000000000000e+03 8.850000000000000089e-01 2.797300000000000000e+04 1.000000000000000000e+00
3.000000000000000000e+01 9.000000000000000000e+00 8.173036850000000000e+08 1.100000000000000000e+01 2.313000000000000000e+03 9.769999999999999796e-01 4.075600000000000000e+04 1.000000000000000000e+00
3.000000000000000000e+01 7.000000000000000000e+00 8.173037420000000000e+08 1.100000000000000000e+01 2.299000000000000000e+03 9.230000000000000426e-01 3.732400000000000000e+04 1.000000000000000000e+00
3.000000000000000000e+01 2.000000000000000000e+00 8.173055650000000000e+08 1.100000000000000000e+01 2.707000000000000000e+03 9.969999999999999973e-01 3.954600000000000000e+04 1.000000000000000000e+00
3.000000000000000000e+01 6.000000000000000000e+00 8.173121720000000000e+08 1.100000000000000000e+01 2.394000000000000000e+03 1.038000000000000034e+00 3.713400000000000000e+04 1.000000000000000000e+00
3.000000000000000000e+01 5.000000000000000000e+00 8.173175410000000000e+08 1.100000000000000000e+01 2.736000000000000000e+03 1.050000000000000044e+00 4.074100000000000000e+04 1.000000000000000000e+00
2.700000000000000000e+01 1.400000000000000000e+01 8.173180990000000000e+08 1.100000000000000000e+01 1.729000000000000000e+03 8.139999999999999458e-01 3.843700000000000000e+04 1.000000000000000000e+00
1.500000000000000000e+01 1.000000000000000000e+00 8.173181040000000000e+08 1.100000000000000000e+01 1.793000000000000000e+03 7.269999999999999796e-01 2.896100000000000000e+04 1.000000000000000000e+00
3.000000000000000000e+01 1.700000000000000000e+01 8.173189100000000000e+08 1.100000000000000000e+01 1.997000000000000000e+03 9.819999999999999840e-01 3.709500000000000000e+04 1.000000000000000000e+00
2.500000000000000000e+01 1.000000000000000000e+00 8.173190040000000000e+08 1.100000000000000000e+01 2.798000000000000000e+03 1.002000000000000002e+00 4.078200000000000000e+04 1.000000000000000000e+00
3.000000000000000000e+01 1.400000000000000000e+01 8.173198840000000000e+08 1.100000000000000000e+01 2.114000000000000000e+03 9.539999999999999591e-01 3.885100000000000000e+04 1.000000000000000000e+00
3.000000000000000000e+01 4.000000000000000000e+00 8.173202850000000000e+08 1.100000000000000000e+01 2.480000000000000000e+03 9.110000000000000320e-01 3.885900000000000000e+04 1.000000000000000000e+00
3.000000000000000000e+01 1.100000000000000000e+01 8.173203160000000000e+08 1.100000000000000000e+01 2.075000000000000000e+03 9.350000000000000533e-01 3.902200000000000000e+04 1.000000000000000000e+00
3.000000000000000000e+01 1.500000000000000000e+01 8.173311860000000000e+08 1.100000000000000000e+01 2.068000000000000000e+03 9.679999999999999716e-01 4.219200000000000000e+04 1.000000000000000000e+00
2.100000000000000000e+01 3.000000000000000000e+00 8.173338530000000000e+08 1.100000000000000000e+01 2.528000000000000000e+03 8.880000000000000115e-01 2.764000000000000000e+04 1.000000000000000000e+00
2.500000000000000000e+01 8.000000000000000000e+00 8.173358090000000000e+08 1.100000000000000000e+01 2.227000000000000000e+03 9.719999999999999751e-01 2.899100000000000000e+04 1.000000000000000000e+00
2.500000000000000000e+01 1.300000000000000000e+01 8.173429730000000000e+08 1.100000000000000000e+01 2.071000000000000000e+03 9.379999999999999449e-01 2.777600000000000000e+04 1.000000000000000000e+00
2.500000000000000000e+01 1.600000000000000000e+01 8.173442400000000000e+08 1.100000000000000000e+01 1.906000000000000000e+03 8.970000000000000195e-01 2.720300000000000000e+04 1.000000000000000000e+00
1.600000000000000000e+01 5.000000000000000000e+00 8.175651730000000000e+08 1.100000000000000000e+01 2.177000000000000000e+03 0.000000000000000000e+00 2.525600000000000000e+04 1.000000000000000000e+00
5.000000000000000000e+00 6.000000000000000000e+00 8.175657510000000000e+08 1.100000000000000000e+01 2.450000000000000000e+03 9.100000000000000311e-01 2.879100000000000000e+04 1.000000000000000000e+00
1.600000000000000000e+01 1.800000000000000000e+01 8.175657540000000000e+08 1.100000000000000000e+01 1.777000000000000000e+03 8.599999999999999867e-01 2.531100000000000000e+04 1.000000000000000000e+00
1.600000000000000000e+01 1.400000000000000000e+01 8.175657690000000000e+08 1.100000000000000000e+01 2.169000000000000000e+03 9.589999999999999636e-01 2.431100000000000000e+04 1.000000000000000000e+00
5.000000000000000000e+00 1.500000000000000000e+01 8.175692530000000000e+08 1.100000000000000000e+01 2.218000000000000000e+03 9.919999999999999929e-01 1.984700000000000000e+04 1.000000000000000000e+00
1.600000000000000000e+01 1.100000000000000000e+01 8.175697190000000000e+08 1.100000000000000000e+01 2.287000000000000000e+03 9.439999999999999503e-01 2.012400000000000000e+04 1.000000000000000000e+00
5.000000000000000000e+00 7.000000000000000000e+00 8.175697200000000000e+08 1.100000000000000000e+01 2.596000000000000000e+03 1.040999999999999925e+00 2.534400000000000000e+04 1.000000000000000000e+00
5.000000000000000000e+00 3.000000000000000000e+00 8.175818940000000000e+08 1.100000000000000000e+01 2.698000000000000000e+03 9.290000000000000480e-01 2.284500000000000000e+04 1.000000000000000000e+00
1.600000000000000000e+01 9.000000000000000000e+00 8.175838900000000000e+08 1.100000000000000000e+01 2.003000000000000000e+03 0.000000000000000000e+00 2.530800000000000000e+04 1.000000000000000000e+00
5.000000000000000000e+00 9.000000000000000000e+00 8.175892110000000000e+08 1.100000000000000000e+01 2.460000000000000000e+03 1.004000000000000004e+00 2.157700000000000000e+04 1.000000000000000000e+00
1.600000000000000000e+01 1.300000000000000000e+01 8.175953730000000000e+08 1.100000000000000000e+01 2.061000000000000000e+03 9.220000000000000417e-01 1.980700000000000000e+04 1.000000000000000000e+00
1.600000000000000000e+01 2.000000000000000000e+00 8.175954250000000000e+08 1.100000000000000000e+01 2.301000000000000000e+03 8.509999999999999787e-01 2.217500000000000000e+04 1.000000000000000000e+00
1.600000000000000000e+01 1.600000000000000000e+01 8.175954280000000000e+08 1.100000000000000000e+01 1.855000000000000000e+03 8.820000000000000062e-01 2.528400000000000000e+04 1.000000000000000000e+00
5.000000000000000000e+00 1.000000000000000000e+01 8.175954460000000000e+08 1.100000000000000000e+01 2.407000000000000000e+03 9.989999999999999991e-01 1.978600000000000000e+04 1.000000000000000000e+00
5.000000000000000000e+00 1.300000000000000000e+01 8.175954620000000000e+08 1.100000000000000000e+01 2.022000000000000000e+03 8.599999999999999867e-01 2.103600000000000000e+04 1.000000000000000000e+00
5.000000000000000000e+00 1.000000000000000000e+00 8.175971020000000000e+08 1.100000000000000000e+01 2.730000000000000000e+03 9.439999999999999503e-01 2.387400000000000000e+04 1.000000000000000000e+00
5.000000000000000000e+00 5.000000000000000000e+00 8.175971170000000000e+08 1.100000000000000000e+01 2.719000000000000000e+03 9.719999999999999751e-01 1.989100000000000000e+04 1.000000000000000000e+00
5.000000000000000000e+00 2.000000000000000000e+00 8.175971350000000000e+08 1.100000000000000000e+01 2.713000000000000000e+03 8.840000000000000080e-01 2.160000000000000000e+04 1.000000000000000000e+00
5.000000000000000000e+00 8.000000000000000000e+00 8.175971720000000000e+08 1.100000000000000000e+01 2.583000000000000000e+03 9.959999999999999964e-01 2.010100000000000000e+04 1.000000000000000000e+00
1.600000000000000000e+01 7.000000000000000000e+00 8.175972120000000000e+08 1.100000000000000000e+01 1.968000000000000000e+03 7.650000000000000133e-01 1.864500000000000000e+04 1.000000000000000000e+00
1.600000000000000000e+01 1.700000000000000000e+01 8.175972300000000000e+08 1.100000000000000000e+01 1.726000000000000000e+03 8.509999999999999787e-01 2.206600000000000000e+04 1.000000000000000000e+00
1.600000000000000000e+01 8.000000000000000000e+00 8.176064600000000000e+08 1.100000000000000000e+01 1.905000000000000000e+03 0.000000000000000000e+00 2.228400000000000000e+04 1.000000000000000000e+00
5.000000000000000000e+00 1.400000000000000000e+01 8.176071220000000000e+08 1.100000000000000000e+01 2.177000000000000000e+03 9.499999999999999556e-01 2.036600000000000000e+04 1.000000000000000000e+00
5.000000000000000000e+00 1.200000000000000000e+01 8.176071550000000000e+08 1.100000000000000000e+01 2.385000000000000000e+03 9.899999999999999911e-01 2.038900000000000000e+04 1.000000000000000000e+00
5.000000000000000000e+00 1.600000000000000000e+01 8.176080860000000000e+08 1.100000000000000000e+01 2.181000000000000000e+03 9.539999999999999591e-01 2.033500000000000000e+04 1.000000000000000000e+00
5.000000000000000000e+00 1.700000000000000000e+01 8.176081710000000000e+08 1.100000000000000000e+01 2.174000000000000000e+03 9.439999999999999503e-01 2.105000000000000000e+04 1.000000000000000000e+00
5.000000000000000000e+00 4.000000000000000000e+00 8.176081760000000000e+08 1.100000000000000000e+01 2.641000000000000000e+03 9.389999999999999458e-01 2.009800000000000000e+04 1.000000000000000000e+00
1.600000000000000000e+01 4.000000000000000000e+00 8.176125590000000000e+08 1.100000000000000000e+01 2.401000000000000000e+03 9.320000000000000506e-01 2.530400000000000000e+04 1.000000000000000000e+00
1.600000000000000000e+01 1.500000000000000000e+01 8.176164290000000000e+08 1.100000000000000000e+01 1.920000000000000000e+03 8.780000000000000027e-01 2.229600000000000000e+04 1.000000000000000000e+00
1.600000000000000000e+01 1.200000000000000000e+01 8.176164300000000000e+08 1.100000000000000000e+01 2.073000000000000000e+03 1.008999999999999897e+00 1.725300000000000000e+04 1.000000000000000000e+00
5.000000000000000000e+00 1.100000000000000000e+01 8.176188260000000000e+08 1.100000000000000000e+01 2.356000000000000000e+03 9.719999999999999751e-01 1.831000000000000000e+04 1.000000000000000000e+00
1.600000000000000000e+01 1.000000000000000000e+00 8.176201920000000000e+08 1.100000000000000000e+01 2.558000000000000000e+03 9.260000000000000453e-01 2.537900000000000000e+04 1.000000000000000000e+00
1.600000000000000000e+01 6.000000000000000000e+00 8.176201930000000000e+08 1.100000000000000000e+01 2.317000000000000000e+03 9.539999999999999591e-01 2.528100000000000000e+04 1.000000000000000000e+00
2.100000000000000000e+01 4.000000000000000000e+00 8.178012820000000000e+08 1.100000000000000000e+01 1.864000000000000000e+03 6.999999999999999556e-01 2.170000000000000000e+02 0.000000000000000000e+00
2.500000000000000000e+01 9.000000000000000000e+00 8.178022100000000000e+08 1.100000000000000000e+01 2.201000000000000000e+03 6.159999999999999920e-01 6.502000000000000000e+03 0.000000000000000000e+00
2.500000000000000000e+01 3.000000000000000000e+00 8.178022190000000000e+08 1.100000000000000000e+01 2.848000000000000000e+03 7.109999999999999654e-01 2.150000000000000000e+02 0.000000000000000000e+00
2.100000000000000000e+01 1.300000000000000000e+01 8.178022310000000000e+08 1.100000000000000000e+01 2.065000000000000000e+03 1.020999999999999908e+00 5.608000000000000000e+03 0.000000000000000000e+00
2.500000000000000000e+01 1.500000000000000000e+01 8.178022430000000000e+08 1.100000000000000000e+01 3.071000000000000000e+03 1.084999999999999964e+00 5.484000000000000000e+03 0.000000000000000000e+00
2.100000000000000000e+01 1.000000000000000000e+01 8.178023740000000000e+08 1.100000000000000000e+01 2.227000000000000000e+03 9.879999999999999893e-01 5.005000000000000000e+03 0.000000000000000000e+00
2.100000000000000000e+01 7.000000000000000000e+00 8.178042280000000000e+08 1.100000000000000000e+01 2.217000000000000000e+03 8.729999999999999982e-01 3.690000000000000000e+02 0.000000000000000000e+00
2.500000000000000000e+01 6.000000000000000000e+00 8.190057660000000000e+08 1.100000000000000000e+01 2.372000000000000000e+03 8.419999999999999707e-01 4.220000000000000000e+02 0.000000000000000000e+00
2.100000000000000000e+01 1.000000000000000000e+00 8.190065350000000000e+08 1.100000000000000000e+01 2.418000000000000000e+03 6.780000000000000471e-01 2.730000000000000000e+02 0.000000000000000000e+00
2.100000000000000000e+01 1.600000000000000000e+01 8.190473880000000000e+08 1.100000000000000000e+01 2.438000000000000000e+03 1.040000000000000036e+00 5.076000000000000000e+03 0.000000000000000000e+00
