1.200000000000000000e+01 1.800000000000000000e+01 8.064515840000000000e+08 1.700000000000000000e+01 2.253000000000000000e+03 9.879999999999999893e-01 1.080800000000000000e+04 0.000000000000000000e+00
2.800000000000000000e+01 1.000000000000000000e+00 8.064558160000000000e+08 1.700000000000000000e+01 2.878000000000000000e+03 1.086999999999999966e+00 1.062200000000000000e+04 0.000000000000000000e+00
1.300000000000000000e+01 9.000000000000000000e+00 8.064595970000000000e+08 1.700000000000000000e+01 2.596000000000000000e+03 1.034999999999999920e+00 9.350000000000000000e+02 0.000000000000000000e+00
2.800000000000000000e+01 1.700000000000000000e+01 8.064608250000000000e+08 1.700000000000000000e+01 2.321000000000000000e+03 1.020000000000000018e+00 6.870000000000000000e+02 0.000000000000000000e+00
2.300000000000000000e+01 1.200000000000000000e+01 8.064609140000000000e+08 1.700000000000000000e+01 0.000000000000000000e+00 2.699999999999999969e-02 1.482500000000000000e+04 0.000000000000000000e+00
2.000000000000000000e+01 1.500000000000000000e+01 8.064630470000000000e+08 1.700000000000000000e+01 2.178000000000000000e+03 1.048999999999999932e+00 2.750800000000000000e+04 1.000000000000000000e+00
2.000000000000000000e+01 4.000000000000000000e+00 8.064651100000000000e+08 1.700000000000000000e+01 2.333000000000000000e+03 9.689999999999999725e-01 2.380500000000000000e+04 1.000000000000000000e+00
1.000000000000000000e+01 6.000000000000000000e+00 8.064688340000000000e+08 1.700000000000000000e+01 2.608000000000000000e+03 1.052000000000000046e+00 5.045000000000000000e+03 0.000000000000000000e+00
2.400000000000000000e+01 2.000000000000000000e+00 8.064747910000000000e+08 1.700000000000000000e+01 2.283000000000000000e+03 8.469999999999999751e-01 5.727000000000000000e+03 0.000000000000000000e+00
2.600000000000000000e+01 1.800000000000000000e+01 8.064765190000000000e+08 1.700000000000000000e+01 2.292000000000000000e+03 1.078999999999999959e+00 1.597100000000000000e+04 0.000000000000000000e+00
1.400000000000000000e+01 1.400000000000000000e+01 8.064812180000000000e+08 1.700000000000000000e+01 2.431000000000000000e+03 1.116999999999999993e+00 1.437400000000000000e+04 0.000000000000000000e+00
1.400000000000000000e+01 1.500000000000000000e+01 8.064833620000000000e+08 1.700000000000000000e+01 2.403000000000000000e+03 1.127000000000000002e+00 1.462800000000000000e+04 0.000000000000000000e+00
9.000000000000000000e+00 6.000000000000000000e+00 8.084300360000000000e+08 1.700000000000000000e+01 3.117000000000000000e+03 1.153000000000000025e+00 7.151000000000000000e+03 0.000000000000000000e+00
2.200000000000000000e+01 1.500000000000000000e+01 8.084303460000000000e+08 1.700000000000000000e+01 2.232000000000000000e+03 1.106999999999999984e+00 1.194000000000000000e+03 0.000000000000000000e+00
9.000000000000000000e+00 7.000000000000000000e+00 8.084305710000000000e+08 1.700000000000000000e+01 2.808000000000000000e+03 1.135000000000000009e+00 3.308000000000000000e+03 0.000000000000000000e+00
1.200000000000000000e+01 4.000000000000000000e+00 8.084328230000000000e+08 1.700000000000000000e+01 2.703000000000000000e+03 9.669999999999999707e-01 1.271100000000000000e+04 0.000000000000000000e+00
2.700000000000000000e+01 1.000000000000000000e+01 8.084328240000000000e+08 1.700000000000000000e+01 2.349000000000000000e+03 1.012000000000000011e+00 4.513000000000000000e+03 0.000000000000000000e+00
2.000000000000000000e+01 1.000000000000000000e+01 8.084370920000000000e+08 1.700000000000000000e+01 2.101000000000000000e+03 9.469999999999999529e-01 2.424200000000000000e+04 1.000000000000000000e+00
1.900000000000000000e+01 1.000000000000000000e+00 8.084378700000000000e+08 1.700000000000000000e+01 2.751000000000000000e+03 1.042000000000000037e+00 5.853000000000000000e+03 0.000000000000000000e+00
1.100000000000000000e+01 1.700000000000000000e+01 8.084406910000000000e+08 1.700000000000000000e+01 2.257000000000000000e+03 1.086000000000000076e+00 9.987000000000000000e+03 0.000000000000000000e+00
1.900000000000000000e+01 1.200000000000000000e+01 8.084437280000000000e+08 1.700000000000000000e+01 2.416000000000000000e+03 1.125000000000000000e+00 9.038000000000000000e+03 0.000000000000000000e+00
1.200000000000000000e+01 5.000000000000000000e+00 8.084437330000000000e+08 1.700000000000000000e+01 2.917000000000000000e+03 9.839999999999999858e-01 1.163300000000000000e+04 0.000000000000000000e+00
2.400000000000000000e+01 1.100000000000000000e+01 8.084470250000000000e+08 1.700000000000000000e+01 2.549000000000000000e+03 1.108000000000000096e+00 2.629000000000000000e+03 0.000000000000000000e+00
1.100000000000000000e+01 4.000000000000000000e+00 8.084470520000000000e+08 1.700000000000000000e+01 2.836000000000000000e+03 1.050999999999999934e+00 1.483100000000000000e+04 0.000000000000000000e+00
1.000000000000000000e+01 9.000000000000000000e+00 8.084470660000000000e+08 1.700000000000000000e+01 2.343000000000000000e+03 1.002000000000000002e+00 1.294000000000000000e+04 0.000000000000000000e+00
1.900000000000000000e+01 1.400000000000000000e+01 8.084470810000000000e+08 1.700000000000000000e+01 2.329000000000000000e+03 1.036000000000000032e+00 1.313900000000000000e+04 0.000000000000000000e+00
9.000000000000000000e+00 1.100000000000000000e+01 8.084470910000000000e+08 1.700000000000000000e+01 2.825000000000000000e+03 1.159999999999999920e+00 1.374000000000000000e+03 0.000000000000000000e+00
1.400000000000000000e+01 3.000000000000000000e+00 8.084470940000000000e+08 1.700000000000000000e+01 2.865000000000000000e+03 1.058999999999999941e+00 8.690000000000000000e+03 0.000000000000000000e+00
1.500000000000000000e+01 3.000000000000000000e+00 8.084471040000000000e+08 1.700000000000000000e+01 2.813000000000000000e+03 1.056000000000000050e+00 1.149400000000000000e+04 0.000000000000000000e+00
1.500000000000000000e+01 5.000000000000000000e+00 8.084516890000000000e+08 1.700000000000000000e+01 2.766000000000000000e+03 1.106999999999999984e+00 1.203800000000000000e+04 0.000000000000000000e+00
1.400000000000000000e+01 7.000000000000000000e+00 8.084517820000000000e+08 1.700000000000000000e+01 2.674000000000000000e+03 1.068000000000000060e+00 1.262700000000000000e+04 0.000000000000000000e+00
2.600000000000000000e+01 1.000000000000000000e+01 8.084549730000000000e+08 1.700000000000000000e+01 2.751000000000000000e+03 1.088999999999999968e+00 1.303000000000000000e+03 0.000000000000000000e+00
2.700000000000000000e+01 7.000000000000000000e+00 8.084549780000000000e+08 1.700000000000000000e+01 2.470000000000000000e+03 1.016000000000000014e+00 3.296000000000000000e+03 0.000000000000000000e+00
1.500000000000000000e+01 1.300000000000000000e+01 8.084554930000000000e+08 1.700000000000000000e+01 2.196000000000000000e+03 1.018000000000000016e+00 7.519000000000000000e+03 0.000000000000000000e+00
2.700000000000000000e+01 1.100000000000000000e+01 8.084555050000000000e+08 1.700000000000000000e+01 2.100000000000000000e+03 9.449999999999999512e-01 7.335000000000000000e+03 0.000000000000000000e+00
1.200000000000000000e+01 6.000000000000000000e+00 8.084555170000000000e+08 1.700000000000000000e+01 2.711000000000000000e+03 9.649999999999999689e-01 1.412100000000000000e+04 0.000000000000000000e+00
2.400000000000000000e+01 1.600000000000000000e+01 8.084611970000000000e+08 1.700000000000000000e+01 2.239000000000000000e+03 1.108999999999999986e+00 4.561000000000000000e+03 0.000000000000000000e+00
1.300000000000000000e+01 4.000000000000000000e+00 8.084653420000000000e+08 1.700000000000000000e+01 2.778000000000000000e+03 1.074999999999999956e+00 1.248000000000000000e+04 0.000000000000000000e+00
2.600000000000000000e+01 6.000000000000000000e+00 8.084675450000000000e+08 1.700000000000000000e+01 2.548000000000000000e+03 9.200000000000000400e-01 1.596600000000000000e+04 0.000000000000000000e+00
9.000000000000000000e+00 5.000000000000000000e+00 8.084675690000000000e+08 1.700000000000000000e+01 3.219000000000000000e+03 1.149000000000000021e+00 7.261000000000000000e+03 0.000000000000000000e+00
9.000000000000000000e+00 1.300000000000000000e+01 8.084683650000000000e+08 1.700000000000000000e+01 2.969000000000000000e+03 1.197000000000000064e+00 3.462000000000000000e+03 0.000000000000000000e+00
2.800000000000000000e+01 1.500000000000000000e+01 8.084683790000000000e+08 1.700000000000000000e+01 2.284000000000000000e+03 1.012999999999999901e+00 6.600000000000000000e+03 0.000000000000000000e+00
2.200000000000000000e+01 1.600000000000000000e+01 8.084693990000000000e+08 1.700000000000000000e+01 2.400000000000000000e+03 1.189999999999999947e+00 1.876000000000000000e+03 0.000000000000000000e+00
2.000000000000000000e+01 2.000000000000000000e+00 8.084695560000000000e+08 1.700000000000000000e+01 2.471000000000000000e+03 9.330000000000000515e-01 2.424400000000000000e+04 1.000000000000000000e+00
1.400000000000000000e+01 9.000000000000000000e+00 8.084703730000000000e+08 1.700000000000000000e+01 2.678000000000000000e+03 1.122999999999999998e+00 1.018000000000000000e+04 0.000000000000000000e+00
9.000000000000000000e+00 1.500000000000000000e+01 8.084742310000000000e+08 1.700000000000000000e+01 2.604000000000000000e+03 1.207999999999999963e+00 3.419000000000000000e+03 0.000000000000000000e+00
1.000000000000000000e+01 8.000000000000000000e+00 8.084742430000000000e+08 1.700000000000000000e+01 2.329000000000000000e+03 9.509999999999999565e-01 1.122500000000000000e+04 0.000000000000000000e+00
1.000000000000000000e+01 2.000000000000000000e+00 8.084742440000000000e+08 1.700000000000000000e+01 3.017000000000000000e+03 1.100999999999999979e+00 6.154000000000000000e+03 0.000000000000000000e+00
2.300000000000000000e+01 1.800000000000000000e+01 8.084743610000000000e+08 1.700000000000000000e+01 2.269000000000000000e+03 1.032000000000000028e+00 1.392000000000000000e+04 0.000000000000000000e+00
1.500000000000000000e+01 1.800000000000000000e+01 8.084743730000000000e+08 1.700000000000000000e+01 2.448000000000000000e+03 1.102000000000000091e+00 1.001200000000000000e+04 0.000000000000000000e+00
2.400000000000000000e+01 1.800000000000000000e+01 8.084745780000000000e+08 1.700000000000000000e+01 1.392000000000000000e+03 8.159999999999999476e-01 4.227000000000000000e+03 0.000000000000000000e+00
1.200000000000000000e+01 1.400000000000000000e+01 8.084745930000000000e+08 1.700000000000000000e+01 2.534000000000000000e+03 1.060999999999999943e+00 1.285200000000000000e+04 0.000000000000000000e+00
1.000000000000000000e+01 1.500000000000000000e+01 8.084746020000000000e+08 1.700000000000000000e+01 2.061000000000000000e+03 9.469999999999999529e-01 1.076400000000000000e+04 0.000000000000000000e+00
2.300000000000000000e+01 1.100000000000000000e+01 8.084767130000000000e+08 1.700000000000000000e+01 2.767000000000000000e+03 1.030000000000000027e+00 1.544700000000000000e+04 0.000000000000000000e+00
1.200000000000000000e+01 1.300000000000000000e+01 8.084767250000000000e+08 1.700000000000000000e+01 2.403000000000000000e+03 9.789999999999999813e-01 8.241000000000000000e+03 0.000000000000000000e+00
2.400000000000000000e+01 7.000000000000000000e+00 8.084770170000000000e+08 1.700000000000000000e+01 2.698000000000000000e+03 1.086000000000000076e+00 2.965000000000000000e+03 0.000000000000000000e+00
1.000000000000000000e+01 1.800000000000000000e+01 8.084804860000000000e+08 1.700000000000000000e+01 2.094000000000000000e+03 1.066999999999999948e+00 1.806000000000000000e+03 0.000000000000000000e+00
1.100000000000000000e+01 1.500000000000000000e+01 8.084805250000000000e+08 1.700000000000000000e+01 2.228000000000000000e+03 1.112999999999999989e+00 8.955000000000000000e+03 0.000000000000000000e+00
2.300000000000000000e+01 8.000000000000000000e+00 8.084852470000000000e+08 1.700000000000000000e+01 2.495000000000000000e+03 1.018000000000000016e+00 1.221100000000000000e+04 0.000000000000000000e+00
1.400000000000000000e+01 6.000000000000000000e+00 8.084852500000000000e+08 1.700000000000000000e+01 2.647000000000000000e+03 1.030999999999999917e+00 1.449800000000000000e+04 0.000000000000000000e+00
2.400000000000000000e+01 5.000000000000000000e+00 8.084888450000000000e+08 1.700000000000000000e+01 3.018000000000000000e+03 1.120000000000000107e+00 3.566000000000000000e+03 0.000000000000000000e+00
2.700000000000000000e+01 1.600000000000000000e+01 8.084890220000000000e+08 1.700000000000000000e+01 2.267000000000000000e+03 1.002000000000000002e+00 2.186000000000000000e+03 0.000000000000000000e+00
1.900000000000000000e+01 1.500000000000000000e+01 8.084891050000000000e+08 1.700000000000000000e+01 2.158000000000000000e+03 1.038000000000000034e+00 9.921000000000000000e+03 0.000000000000000000e+00
3.200000000000000000e+01 1.000000000000000000e+01 8.084891100000000000e+08 1.700000000000000000e+01 2.541000000000000000e+03 1.116999999999999993e+00 2.373000000000000000e+03 0.000000000000000000e+00
2.000000000000000000e+01 7.000000000000000000e+00 8.084906900000000000e+08 1.700000000000000000e+01 2.281000000000000000e+03 9.989999999999999991e-01 2.015200000000000000e+04 1.000000000000000000e+00
2.000000000000000000e+01 1.000000000000000000e+00 8.084917940000000000e+08 1.700000000000000000e+01 2.665000000000000000e+03 1.020000000000000018e+00 2.872600000000000000e+04 1.000000000000000000e+00
2.400000000000000000e+01 1.200000000000000000e+01 8.084931060000000000e+08 1.700000000000000000e+01 2.415000000000000000e+03 1.112999999999999989e+00 2.626000000000000000e+03 0.000000000000000000e+00
1.500000000000000000e+01 6.000000000000000000e+00 8.089470030000000000e+08 1.700000000000000000e+01 2.627000000000000000e+03 1.066000000000000059e+00 1.423000000000000000e+04 0.000000000000000000e+00
2.800000000000000000e+01 1.100000000000000000e+01 8.089474810000000000e+08 1.700000000000000000e+01 2.461000000000000000e+03 1.022999999999999909e+00 6.986000000000000000e+03 0.000000000000000000e+00
1.200000000000000000e+01 8.000000000000000000e+00 8.089475050000000000e+08 1.700000000000000000e+01 2.800000000000000000e+03 1.032999999999999918e+00 1.344400000000000000e+04 0.000000000000000000e+00
1.000000000000000000e+01 1.300000000000000000e+01 8.089499900000000000e+08 1.700000000000000000e+01 2.532000000000000000e+03 1.032000000000000028e+00 1.331600000000000000e+04 0.000000000000000000e+00
2.200000000000000000e+01 1.300000000000000000e+01 8.089500760000000000e+08 1.700000000000000000e+01 2.165000000000000000e+03 1.120000000000000107e+00 1.669000000000000000e+03 0.000000000000000000e+00
1.300000000000000000e+01 1.000000000000000000e+01 8.089524990000000000e+08 1.700000000000000000e+01 2.521000000000000000e+03 1.064999999999999947e+00 1.330700000000000000e+04 0.000000000000000000e+00
3.200000000000000000e+01 2.000000000000000000e+00 8.089531480000000000e+08 1.700000000000000000e+01 2.955000000000000000e+03 1.070000000000000062e+00 4.810000000000000000e+02 0.000000000000000000e+00
1.500000000000000000e+01 8.000000000000000000e+00 8.089536590000000000e+08 1.700000000000000000e+01 2.845000000000000000e+03 1.068000000000000060e+00 7.502000000000000000e+03 0.000000000000000000e+00
2.300000000000000000e+01 3.000000000000000000e+00 8.089536660000000000e+08 1.700000000000000000e+01 3.021000000000000000e+03 1.094000000000000083e+00 1.403500000000000000e+04 0.000000000000000000e+00
2.000000000000000000e+01 1.600000000000000000e+01 8.089567970000000000e+08 1.700000000000000000e+01 2.070000000000000000e+03 9.989999999999999991e-01 2.004500000000000000e+04 1.000000000000000000e+00
1.500000000000000000e+01 1.500000000000000000e+01 8.089569260000000000e+08 1.700000000000000000e+01 1.930000000000000000e+03 9.399999999999999467e-01 1.175300000000000000e+04 0.000000000000000000e+00
2.700000000000000000e+01 1.200000000000000000e+01 8.089569950000000000e+08 1.700000000000000000e+01 2.235000000000000000e+03 1.024000000000000021e+00 1.025000000000000000e+03 0.000000000000000000e+00
2.400000000000000000e+01 8.000000000000000000e+00 8.089570440000000000e+08 1.700000000000000000e+01 2.755000000000000000e+03 1.098000000000000087e+00 3.919000000000000000e+03 0.000000000000000000e+00
1.300000000000000000e+01 1.800000000000000000e+01 8.089573780000000000e+08 1.700000000000000000e+01 2.003000000000000000e+03 9.370000000000000551e-01 1.181800000000000000e+04 0.000000000000000000e+00
2.300000000000000000e+01 4.000000000000000000e+00 8.089573900000000000e+08 1.700000000000000000e+01 2.997000000000000000e+03 1.032999999999999918e+00 9.716000000000000000e+03 0.000000000000000000e+00
1.100000000000000000e+01 1.600000000000000000e+01 8.089583220000000000e+08 1.700000000000000000e+01 2.164000000000000000e+03 1.048000000000000043e+00 1.592600000000000000e+04 0.000000000000000000e+00
1.300000000000000000e+01 1.700000000000000000e+01 8.089583720000000000e+08 1.700000000000000000e+01 2.375000000000000000e+03 1.116000000000000103e+00 1.275200000000000000e+04 0.000000000000000000e+00
2.600000000000000000e+01 1.300000000000000000e+01 8.089583920000000000e+08 1.700000000000000000e+01 2.617000000000000000e+03 1.116999999999999993e+00 3.235000000000000000e+03 0.000000000000000000e+00
2.600000000000000000e+01 1.000000000000000000e+00 8.089585760000000000e+08 1.700000000000000000e+01 2.664000000000000000e+03 0.000000000000000000e+00 1.103800000000000000e+04 0.000000000000000000e+00
1.200000000000000000e+01 1.700000000000000000e+01 8.089585880000000000e+08 1.700000000000000000e+01 2.350000000000000000e+03 1.038999999999999924e+00 1.401000000000000000e+04 0.000000000000000000e+00
1.300000000000000000e+01 1.300000000000000000e+01 8.089585910000000000e+08 1.700000000000000000e+01 2.421000000000000000e+03 1.092999999999999972e+00 8.839000000000000000e+03 0.000000000000000000e+00
2.000000000000000000e+01 8.000000000000000000e+00 8.089589230000000000e+08 1.700000000000000000e+01 2.353000000000000000e+03 9.779999999999999805e-01 2.300100000000000000e+04 1.000000000000000000e+00
2.500000000000000000e+01 5.000000000000000000e+00 8.089593980000000000e+08 1.700000000000000000e+01 2.526000000000000000e+03 1.060000000000000053e+00 2.809800000000000000e+04 1.000000000000000000e+00
1.000000000000000000e+01 3.000000000000000000e+00 8.089594030000000000e+08 1.700000000000000000e+01 2.656000000000000000e+03 1.052000000000000046e+00 3.621000000000000000e+03 0.000000000000000000e+00
2.300000000000000000e+01 9.000000000000000000e+00 8.089595630000000000e+08 1.700000000000000000e+01 2.431000000000000000e+03 1.008000000000000007e+00 1.553600000000000000e+04 0.000000000000000000e+00
1.400000000000000000e+01 4.000000000000000000e+00 8.089597310000000000e+08 1.700000000000000000e+01 2.844000000000000000e+03 1.066999999999999948e+00 1.199700000000000000e+04 0.000000000000000000e+00
1.100000000000000000e+01 6.000000000000000000e+00 8.089603300000000000e+08 1.700000000000000000e+01 3.003000000000000000e+03 1.125999999999999890e+00 1.362000000000000000e+04 0.000000000000000000e+00
1.300000000000000000e+01 5.000000000000000000e+00 8.089604520000000000e+08 1.700000000000000000e+01 2.788000000000000000e+03 1.026999999999999913e+00 1.040000000000000000e+04 0.000000000000000000e+00
2.200000000000000000e+01 4.000000000000000000e+00 8.089604760000000000e+08 1.700000000000000000e+01 3.008000000000000000e+03 1.147999999999999909e+00 6.982000000000000000e+03 0.000000000000000000e+00
2.600000000000000000e+01 2.000000000000000000e+00 8.089612560000000000e+08 1.700000000000000000e+01 2.987000000000000000e+03 1.084000000000000075e+00 3.052000000000000000e+03 0.000000000000000000e+00
1.400000000000000000e+01 1.000000000000000000e+01 8.089612610000000000e+08 1.700000000000000000e+01 2.451000000000000000e+03 1.074000000000000066e+00 1.248100000000000000e+04 0.000000000000000000e+00
1.900000000000000000e+01 1.000000000000000000e+01 8.089613960000000000e+08 1.700000000000000000e+01 2.556000000000000000e+03 1.092999999999999972e+00 9.607000000000000000e+03 0.000000000000000000e+00
2.600000000000000000e+01 1.700000000000000000e+01 8.089614450000000000e+08 1.700000000000000000e+01 2.375000000000000000e+03 1.042000000000000037e+00 1.567000000000000000e+04 0.000000000000000000e+00
2.400000000000000000e+01 1.000000000000000000e+01 8.089614890000000000e+08 1.700000000000000000e+01 2.502000000000000000e+03 1.098999999999999977e+00 4.778000000000000000e+03 0.000000000000000000e+00
2.700000000000000000e+01 1.800000000000000000e+01 8.089615010000000000e+08 1.700000000000000000e+01 2.230000000000000000e+03 1.048999999999999932e+00 7.336000000000000000e+03 0.000000000000000000e+00
2.800000000000000000e+01 4.000000000000000000e+00 8.089616670000000000e+08 1.700000000000000000e+01 3.000000000000000000e+03 1.116000000000000103e+00 6.793000000000000000e+03 0.000000000000000000e+00
1.000000000000000000e+01 1.700000000000000000e+01 8.089617160000000000e+08 1.700000000000000000e+01 2.256000000000000000e+03 1.046999999999999931e+00 7.302000000000000000e+03 0.000000000000000000e+00
1.000000000000000000e+01 4.000000000000000000e+00 8.089643220000000000e+08 1.700000000000000000e+01 3.047000000000000000e+03 1.106000000000000094e+00 4.025000000000000000e+03 0.000000000000000000e+00
2.800000000000000000e+01 5.000000000000000000e+00 8.089647570000000000e+08 1.700000000000000000e+01 2.607000000000000000e+03 9.909999999999999920e-01 9.232000000000000000e+03 0.000000000000000000e+00
1.500000000000000000e+01 2.000000000000000000e+00 8.089648080000000000e+08 1.700000000000000000e+01 3.077000000000000000e+03 1.110000000000000098e+00 1.153100000000000000e+04 0.000000000000000000e+00
2.200000000000000000e+01 3.000000000000000000e+00 8.089648450000000000e+08 1.700000000000000000e+01 2.793000000000000000e+03 1.072000000000000064e+00 1.322000000000000000e+03 0.000000000000000000e+00
1.200000000000000000e+01 1.600000000000000000e+01 8.089648760000000000e+08 1.700000000000000000e+01 2.316000000000000000e+03 1.010999999999999899e+00 1.405100000000000000e+04 0.000000000000000000e+00
1.900000000000000000e+01 1.600000000000000000e+01 8.089648950000000000e+08 1.700000000000000000e+01 2.129000000000000000e+03 1.018000000000000016e+00 9.915000000000000000e+03 0.000000000000000000e+00
1.100000000000000000e+01 3.000000000000000000e+00 8.089649130000000000e+08 1.700000000000000000e+01 3.013000000000000000e+03 1.040000000000000036e+00 1.365900000000000000e+04 0.000000000000000000e+00
1.000000000000000000e+01 7.000000000000000000e+00 8.089649250000000000e+08 1.700000000000000000e+01 2.518000000000000000e+03 9.679999999999999716e-01 1.038900000000000000e+04 0.000000000000000000e+00
1.100000000000000000e+01 7.000000000000000000e+00 8.089649320000000000e+08 1.700000000000000000e+01 2.868000000000000000e+03 1.090999999999999970e+00 1.009500000000000000e+04 0.000000000000000000e+00
9.000000000000000000e+00 1.000000000000000000e+01 8.089659180000000000e+08 1.700000000000000000e+01 2.908000000000000000e+03 1.189999999999999947e+00 4.046000000000000000e+03 0.000000000000000000e+00
2.300000000000000000e+01 1.300000000000000000e+01 8.089660470000000000e+08 1.700000000000000000e+01 2.410000000000000000e+03 1.084999999999999964e+00 1.424500000000000000e+04 0.000000000000000000e+00
1.900000000000000000e+01 6.000000000000000000e+00 8.089662840000000000e+08 1.700000000000000000e+01 2.600000000000000000e+03 1.030999999999999917e+00 1.247000000000000000e+03 0.000000000000000000e+00
9.000000000000000000e+00 4.000000000000000000e+00 8.089662870000000000e+08 1.700000000000000000e+01 3.279000000000000000e+03 1.143999999999999906e+00 6.271000000000000000e+03 0.000000000000000000e+00
2.300000000000000000e+01 7.000000000000000000e+00 8.089676950000000000e+08 1.700000000000000000e+01 2.642000000000000000e+03 1.040000000000000036e+00 1.536900000000000000e+04 0.000000000000000000e+00
3.200000000000000000e+01 5.000000000000000000e+00 8.089690380000000000e+08 1.700000000000000000e+01 3.081000000000000000e+03 1.112999999999999989e+00 3.628000000000000000e+03 0.000000000000000000e+00
3.200000000000000000e+01 1.200000000000000000e+01 8.089694750000000000e+08 1.700000000000000000e+01 2.511000000000000000e+03 1.074999999999999956e+00 1.054500000000000000e+04 0.000000000000000000e+00
1.200000000000000000e+01 7.000000000000000000e+00 8.089713050000000000e+08 1.700000000000000000e+01 2.474000000000000000e+03 9.200000000000000400e-01 1.534800000000000000e+04 0.000000000000000000e+00
1.300000000000000000e+01 1.600000000000000000e+01 8.089716300000000000e+08 1.700000000000000000e+01 2.412000000000000000e+03 1.112000000000000099e+00 1.111500000000000000e+04 0.000000000000000000e+00
1.500000000000000000e+01 1.100000000000000000e+01 8.089716330000000000e+08 1.700000000000000000e+01 2.158000000000000000e+03 1.032000000000000028e+00 1.173300000000000000e+04 0.000000000000000000e+00
1.500000000000000000e+01 4.000000000000000000e+00 8.089717660000000000e+08 1.700000000000000000e+01 2.730000000000000000e+03 1.020999999999999908e+00 1.493600000000000000e+04 0.000000000000000000e+00
1.500000000000000000e+01 1.700000000000000000e+01 8.089718030000000000e+08 1.700000000000000000e+01 2.243000000000000000e+03 1.076999999999999957e+00 9.532000000000000000e+03 0.000000000000000000e+00
1.200000000000000000e+01 1.000000000000000000e+01 8.089719360000000000e+08 1.700000000000000000e+01 2.429000000000000000e+03 9.779999999999999805e-01 8.216000000000000000e+03 0.000000000000000000e+00
1.300000000000000000e+01 6.000000000000000000e+00 8.089719370000000000e+08 1.700000000000000000e+01 3.046000000000000000e+03 1.100999999999999979e+00 8.645000000000000000e+03 0.000000000000000000e+00
1.300000000000000000e+01 3.000000000000000000e+00 8.089723460000000000e+08 1.700000000000000000e+01 2.821000000000000000e+03 1.020000000000000018e+00 1.295400000000000000e+04 0.000000000000000000e+00
2.600000000000000000e+01 8.000000000000000000e+00 8.089724520000000000e+08 1.700000000000000000e+01 2.667000000000000000e+03 1.012000000000000011e+00 1.106400000000000000e+04 0.000000000000000000e+00
1.400000000000000000e+01 2.000000000000000000e+00 8.089724570000000000e+08 1.700000000000000000e+01 2.615000000000000000e+03 1.060000000000000053e+00 1.139900000000000000e+04 0.000000000000000000e+00
2.600000000000000000e+01 1.100000000000000000e+01 8.089724640000000000e+08 1.700000000000000000e+01 2.423000000000000000e+03 1.076999999999999957e+00 1.011000000000000000e+03 0.000000000000000000e+00
9.000000000000000000e+00 1.700000000000000000e+01 8.089725860000000000e+08 1.700000000000000000e+01 2.294000000000000000e+03 1.014000000000000012e+00 7.005000000000000000e+03 0.000000000000000000e+00
1.100000000000000000e+01 1.800000000000000000e+01 8.089726050000000000e+08 1.700000000000000000e+01 2.246000000000000000e+03 1.120000000000000107e+00 1.079500000000000000e+04 0.000000000000000000e+00
2.000000000000000000e+01 3.000000000000000000e+00 8.089726870000000000e+08 1.700000000000000000e+01 2.522000000000000000e+03 9.499999999999999556e-01 2.382200000000000000e+04 1.000000000000000000e+00
1.100000000000000000e+01 5.000000000000000000e+00 8.089739360000000000e+08 1.700000000000000000e+01 2.802000000000000000e+03 1.096000000000000085e+00 8.806000000000000000e+03 0.000000000000000000e+00
2.000000000000000000e+01 1.200000000000000000e+01 8.089747260000000000e+08 1.700000000000000000e+01 2.120000000000000000e+03 9.939999999999999947e-01 2.243700000000000000e+04 1.000000000000000000e+00
2.700000000000000000e+01 8.000000000000000000e+00 8.089749230000000000e+08 1.700000000000000000e+01 2.402000000000000000e+03 1.054000000000000048e+00 2.260000000000000000e+03 0.000000000000000000e+00
9.000000000000000000e+00 2.000000000000000000e+00 8.089749280000000000e+08 1.700000000000000000e+01 3.017000000000000000e+03 1.139000000000000012e+00 4.959000000000000000e+03 0.000000000000000000e+00
1.100000000000000000e+01 8.000000000000000000e+00 8.089750100000000000e+08 1.700000000000000000e+01 2.965000000000000000e+03 1.020000000000000018e+00 4.520000000000000000e+02 0.000000000000000000e+00
1.400000000000000000e+01 1.600000000000000000e+01 8.089761600000000000e+08 1.700000000000000000e+01 2.143000000000000000e+03 1.052000000000000046e+00 1.374300000000000000e+04 0.000000000000000000e+00
1.100000000000000000e+01 1.400000000000000000e+01 8.089762060000000000e+08 1.700000000000000000e+01 2.301000000000000000e+03 1.094999999999999973e+00 9.474000000000000000e+03 0.000000000000000000e+00
1.500000000000000000e+01 9.000000000000000000e+00 8.089762070000000000e+08 1.700000000000000000e+01 2.685000000000000000e+03 1.127000000000000002e+00 1.212800000000000000e+04 0.000000000000000000e+00
1.200000000000000000e+01 1.100000000000000000e+01 8.089762320000000000e+08 1.700000000000000000e+01 2.331000000000000000e+03 9.909999999999999920e-01 9.893000000000000000e+03 0.000000000000000000e+00
1.400000000000000000e+01 1.100000000000000000e+01 8.089762330000000000e+08 1.700000000000000000e+01 2.665000000000000000e+03 1.127000000000000002e+00 1.433000000000000000e+04 0.000000000000000000e+00
1.500000000000000000e+01 1.600000000000000000e+01 8.089762520000000000e+08 1.700000000000000000e+01 2.185000000000000000e+03 1.044000000000000039e+00 1.537800000000000000e+04 0.000000000000000000e+00
1.400000000000000000e+01 1.300000000000000000e+01 8.089762650000000000e+08 1.700000000000000000e+01 2.332000000000000000e+03 1.038999999999999924e+00 1.208500000000000000e+04 0.000000000000000000e+00
1.500000000000000000e+01 1.400000000000000000e+01 8.089762930000000000e+08 1.700000000000000000e+01 2.136000000000000000e+03 1.044000000000000039e+00 1.359000000000000000e+04 0.000000000000000000e+00
1.400000000000000000e+01 1.800000000000000000e+01 8.089763190000000000e+08 1.700000000000000000e+01 2.345000000000000000e+03 1.112000000000000099e+00 1.372100000000000000e+04 0.000000000000000000e+00
2.100000000000000000e+01 6.000000000000000000e+00 8.089763510000000000e+08 1.700000000000000000e+01 2.462000000000000000e+03 1.028000000000000025e+00 2.896800000000000000e+04 1.000000000000000000e+00
1.400000000000000000e+01 1.700000000000000000e+01 8.089763520000000000e+08 1.700000000000000000e+01 2.439000000000000000e+03 1.116000000000000103e+00 1.519200000000000000e+04 0.000000000000000000e+00
1.000000000000000000e+01 1.600000000000000000e+01 8.089770150000000000e+08 1.700000000000000000e+01 2.369000000000000000e+03 1.084000000000000075e+00 5.193000000000000000e+03 0.000000000000000000e+00
2.200000000000000000e+01 1.800000000000000000e+01 8.089771120000000000e+08 1.700000000000000000e+01 2.219000000000000000e+03 1.064000000000000057e+00 5.158000000000000000e+03 0.000000000000000000e+00
1.900000000000000000e+01 7.000000000000000000e+00 8.089775150000000000e+08 1.700000000000000000e+01 2.615000000000000000e+03 1.078000000000000069e+00 1.317400000000000000e+04 0.000000000000000000e+00
2.600000000000000000e+01 1.500000000000000000e+01 8.089775630000000000e+08 1.700000000000000000e+01 2.026000000000000000e+03 1.002000000000000002e+00 1.264200000000000000e+04 0.000000000000000000e+00
1.100000000000000000e+01 9.000000000000000000e+00 8.089785570000000000e+08 1.700000000000000000e+01 2.422000000000000000e+03 1.038000000000000034e+00 1.218100000000000000e+04 0.000000000000000000e+00
2.200000000000000000e+01 5.000000000000000000e+00 8.089785610000000000e+08 1.700000000000000000e+01 2.486000000000000000e+03 9.789999999999999813e-01 1.471700000000000000e+04 0.000000000000000000e+00
2.800000000000000000e+01 8.000000000000000000e+00 8.089785820000000000e+08 1.700000000000000000e+01 2.266000000000000000e+03 9.519999999999999574e-01 1.277500000000000000e+04 0.000000000000000000e+00
1.000000000000000000e+01 1.000000000000000000e+01 8.089786460000000000e+08 1.700000000000000000e+01 2.325000000000000000e+03 9.749999999999999778e-01 1.523400000000000000e+04 0.000000000000000000e+00
2.000000000000000000e+01 5.000000000000000000e+00 8.089790690000000000e+08 1.700000000000000000e+01 2.379000000000000000e+03 1.002999999999999892e+00 2.297900000000000000e+04 1.000000000000000000e+00
2.300000000000000000e+01 2.000000000000000000e+00 8.089790720000000000e+08 1.700000000000000000e+01 3.161000000000000000e+03 1.118000000000000105e+00 1.376600000000000000e+04 0.000000000000000000e+00
2.000000000000000000e+01 1.800000000000000000e+01 8.089796920000000000e+08 1.700000000000000000e+01 2.026000000000000000e+03 1.046999999999999931e+00 2.039500000000000000e+04 1.000000000000000000e+00
1.400000000000000000e+01 5.000000000000000000e+00 8.089799130000000000e+08 1.700000000000000000e+01 2.781000000000000000e+03 1.092000000000000082e+00 1.460300000000000000e+04 0.000000000000000000e+00
2.800000000000000000e+01 2.000000000000000000e+00 8.089800700000000000e+08 1.700000000000000000e+01 3.323000000000000000e+03 1.159000000000000030e+00 2.091000000000000000e+03 0.000000000000000000e+00
2.600000000000000000e+01 5.000000000000000000e+00 8.089810870000000000e+08 1.700000000000000000e+01 2.812000000000000000e+03 1.036999999999999922e+00 1.602100000000000000e+04 0.000000000000000000e+00
2.700000000000000000e+01 4.000000000000000000e+00 8.089811180000000000e+08 1.700000000000000000e+01 2.685000000000000000e+03 1.074999999999999956e+00 4.903000000000000000e+03 0.000000000000000000e+00
1.200000000000000000e+01 9.000000000000000000e+00 8.089811210000000000e+08 1.700000000000000000e+01 2.871000000000000000e+03 1.038000000000000034e+00 8.219000000000000000e+03 0.000000000000000000e+00
2.400000000000000000e+01 1.000000000000000000e+00 8.089811310000000000e+08 1.700000000000000000e+01 2.892000000000000000e+03 1.135000000000000009e+00 1.874000000000000000e+03 0.000000000000000000e+00
2.600000000000000000e+01 9.000000000000000000e+00 8.089811940000000000e+08 1.700000000000000000e+01 3.061000000000000000e+03 1.058000000000000052e+00 1.131300000000000000e+04 0.000000000000000000e+00
2.700000000000000000e+01 9.000000000000000000e+00 8.089812060000000000e+08 1.700000000000000000e+01 2.293000000000000000e+03 9.499999999999999556e-01 1.066000000000000000e+04 0.000000000000000000e+00
1.300000000000000000e+01 8.000000000000000000e+00 8.089812110000000000e+08 1.700000000000000000e+01 2.721000000000000000e+03 1.120999999999999996e+00 1.321800000000000000e+04 0.000000000000000000e+00
2.300000000000000000e+01 1.400000000000000000e+01 8.089812230000000000e+08 1.700000000000000000e+01 2.510000000000000000e+03 1.058000000000000052e+00 6.426000000000000000e+03 0.000000000000000000e+00
1.000000000000000000e+01 1.400000000000000000e+01 8.089813690000000000e+08 1.700000000000000000e+01 2.224000000000000000e+03 9.909999999999999920e-01 1.326000000000000000e+04 0.000000000000000000e+00
1.200000000000000000e+01 1.500000000000000000e+01 8.089815030000000000e+08 1.700000000000000000e+01 2.359000000000000000e+03 1.048000000000000043e+00 7.928000000000000000e+03 0.000000000000000000e+00
3.200000000000000000e+01 4.000000000000000000e+00 8.089816660000000000e+08 1.700000000000000000e+01 2.971000000000000000e+03 1.106999999999999984e+00 2.749000000000000000e+03 0.000000000000000000e+00
2.400000000000000000e+01 9.000000000000000000e+00 8.089816890000000000e+08 1.700000000000000000e+01 2.389000000000000000e+03 1.030999999999999917e+00 3.320000000000000000e+03 0.000000000000000000e+00
1.300000000000000000e+01 1.200000000000000000e+01 8.089818390000000000e+08 1.700000000000000000e+01 2.393000000000000000e+03 1.090999999999999970e+00 1.452200000000000000e+04 0.000000000000000000e+00
2.400000000000000000e+01 1.400000000000000000e+01 8.089818660000000000e+08 1.700000000000000000e+01 2.317000000000000000e+03 1.088999999999999968e+00 5.670000000000000000e+03 0.000000000000000000e+00
2.000000000000000000e+01 1.700000000000000000e+01 8.089819130000000000e+08 1.700000000000000000e+01 1.867000000000000000e+03 9.669999999999999707e-01 2.040000000000000000e+04 1.000000000000000000e+00
1.900000000000000000e+01 1.700000000000000000e+01 8.089820060000000000e+08 1.700000000000000000e+01 2.261000000000000000e+03 1.074000000000000066e+00 8.597000000000000000e+03 0.000000000000000000e+00
1.900000000000000000e+01 9.000000000000000000e+00 8.089820420000000000e+08 1.700000000000000000e+01 2.536000000000000000e+03 1.058000000000000052e+00 9.624000000000000000e+03 0.000000000000000000e+00
2.400000000000000000e+01 4.000000000000000000e+00 8.089825380000000000e+08 1.700000000000000000e+01 2.629000000000000000e+03 9.669999999999999707e-01 5.329000000000000000e+03 0.000000000000000000e+00
2.200000000000000000e+01 1.000000000000000000e+00 8.089825500000000000e+08 1.700000000000000000e+01 3.056000000000000000e+03 1.141000000000000014e+00 7.019000000000000000e+03 0.000000000000000000e+00
1.900000000000000000e+01 1.100000000000000000e+01 8.089825710000000000e+08 1.700000000000000000e+01 2.368000000000000000e+03 1.054999999999999938e+00 1.397400000000000000e+04 0.000000000000000000e+00
2.200000000000000000e+01 1.400000000000000000e+01 8.089826080000000000e+08 1.700000000000000000e+01 2.231000000000000000e+03 1.122999999999999998e+00 3.030000000000000000e+03 0.000000000000000000e+00
3.200000000000000000e+01 1.500000000000000000e+01 8.089826110000000000e+08 1.700000000000000000e+01 2.284000000000000000e+03 1.068999999999999950e+00 8.960000000000000000e+03 0.000000000000000000e+00
2.700000000000000000e+01 1.700000000000000000e+01 8.089827060000000000e+08 1.700000000000000000e+01 1.981000000000000000e+03 9.360000000000000542e-01 5.839000000000000000e+03 0.000000000000000000e+00
1.500000000000000000e+01 1.200000000000000000e+01 8.089838600000000000e+08 1.700000000000000000e+01 2.321000000000000000e+03 1.018999999999999906e+00 1.000100000000000000e+04 0.000000000000000000e+00
1.000000000000000000e+01 1.000000000000000000e+00 8.089842070000000000e+08 1.700000000000000000e+01 3.053000000000000000e+03 1.157000000000000028e+00 4.739000000000000000e+03 0.000000000000000000e+00
3.200000000000000000e+01 1.800000000000000000e+01 8.089845860000000000e+08 1.700000000000000000e+01 2.539000000000000000e+03 1.120999999999999996e+00 2.876000000000000000e+03 0.000000000000000000e+00
3.200000000000000000e+01 1.300000000000000000e+01 8.089845910000000000e+08 1.700000000000000000e+01 2.246000000000000000e+03 9.340000000000000524e-01 6.040000000000000000e+03 0.000000000000000000e+00
2.200000000000000000e+01 1.700000000000000000e+01 8.089845980000000000e+08 1.700000000000000000e+01 2.206000000000000000e+03 1.114999999999999991e+00 1.880000000000000000e+03 0.000000000000000000e+00
3.200000000000000000e+01 3.000000000000000000e+00 8.089846030000000000e+08 1.700000000000000000e+01 3.057000000000000000e+03 1.086000000000000076e+00 4.241000000000000000e+03 0.000000000000000000e+00
1.200000000000000000e+01 3.000000000000000000e+00 8.089846100000000000e+08 1.700000000000000000e+01 2.783000000000000000e+03 9.070000000000000284e-01 5.642000000000000000e+03 0.000000000000000000e+00
1.000000000000000000e+01 1.200000000000000000e+01 8.089846620000000000e+08 1.700000000000000000e+01 2.335000000000000000e+03 1.056999999999999940e+00 1.023600000000000000e+04 0.000000000000000000e+00
1.000000000000000000e+01 1.100000000000000000e+01 8.089847170000000000e+08 1.700000000000000000e+01 2.565000000000000000e+03 1.020000000000000018e+00 1.287600000000000000e+04 0.000000000000000000e+00
3.200000000000000000e+01 6.000000000000000000e+00 8.089847530000000000e+08 1.700000000000000000e+01 3.010000000000000000e+03 1.137000000000000011e+00 5.412000000000000000e+03 0.000000000000000000e+00
3.200000000000000000e+01 8.000000000000000000e+00 8.089850610000000000e+08 1.700000000000000000e+01 2.851000000000000000e+03 1.076999999999999957e+00 4.248000000000000000e+03 0.000000000000000000e+00
2.800000000000000000e+01 1.800000000000000000e+01 8.089850710000000000e+08 1.700000000000000000e+01 2.450000000000000000e+03 1.088999999999999968e+00 5.356000000000000000e+03 0.000000000000000000e+00
1.100000000000000000e+01 2.000000000000000000e+00 8.089857960000000000e+08 1.700000000000000000e+01 2.798000000000000000e+03 1.072999999999999954e+00 1.268800000000000000e+04 0.000000000000000000e+00
1.400000000000000000e+01 1.200000000000000000e+01 8.089858030000000000e+08 1.700000000000000000e+01 2.430000000000000000e+03 1.092000000000000082e+00 1.491500000000000000e+04 0.000000000000000000e+00
2.300000000000000000e+01 1.000000000000000000e+00 8.089863920000000000e+08 1.700000000000000000e+01 3.141000000000000000e+03 1.104000000000000092e+00 1.071700000000000000e+04 0.000000000000000000e+00
3.200000000000000000e+01 1.400000000000000000e+01 8.089864100000000000e+08 1.700000000000000000e+01 2.543000000000000000e+03 1.125999999999999890e+00 2.887000000000000000e+03 0.000000000000000000e+00
1.100000000000000000e+01 1.100000000000000000e+01 8.089864220000000000e+08 1.700000000000000000e+01 2.416000000000000000e+03 1.096000000000000085e+00 1.497300000000000000e+04 0.000000000000000000e+00
2.800000000000000000e+01 1.200000000000000000e+01 8.089867710000000000e+08 1.700000000000000000e+01 2.661000000000000000e+03 1.040999999999999925e+00 1.108700000000000000e+04 0.000000000000000000e+00
1.300000000000000000e+01 7.000000000000000000e+00 8.089870050000000000e+08 1.700000000000000000e+01 2.697000000000000000e+03 1.002999999999999892e+00 1.040500000000000000e+04 0.000000000000000000e+00
3.200000000000000000e+01 1.600000000000000000e+01 8.089870630000000000e+08 1.700000000000000000e+01 2.454000000000000000e+03 1.082000000000000073e+00 1.054000000000000000e+04 0.000000000000000000e+00
3.200000000000000000e+01 1.700000000000000000e+01 8.089870640000000000e+08 1.700000000000000000e+01 2.247000000000000000e+03 1.036999999999999922e+00 8.450000000000000000e+02 0.000000000000000000e+00
1.900000000000000000e+01 8.000000000000000000e+00 8.089870750000000000e+08 1.700000000000000000e+01 1.956000000000000000e+03 7.379999999999999893e-01 1.319600000000000000e+04 0.000000000000000000e+00
2.200000000000000000e+01 7.000000000000000000e+00 8.089870980000000000e+08 1.700000000000000000e+01 2.374000000000000000e+03 1.000999999999999890e+00 6.869000000000000000e+03 0.000000000000000000e+00
2.000000000000000000e+01 6.000000000000000000e+00 8.089871080000000000e+08 1.700000000000000000e+01 2.356000000000000000e+03 9.669999999999999707e-01 2.003600000000000000e+04 1.000000000000000000e+00
9.000000000000000000e+00 1.400000000000000000e+01 8.089871210000000000e+08 1.700000000000000000e+01 2.603000000000000000e+03 1.278999999999999915e+00 6.721000000000000000e+03 0.000000000000000000e+00
2.300000000000000000e+01 1.000000000000000000e+01 8.089877890000000000e+08 1.700000000000000000e+01 2.269000000000000000e+03 9.399999999999999467e-01 1.068200000000000000e+04 0.000000000000000000e+00
2.200000000000000000e+01 9.000000000000000000e+00 8.089879500000000000e+08 1.700000000000000000e+01 2.604000000000000000e+03 1.149000000000000021e+00 6.391000000000000000e+03 0.000000000000000000e+00
2.800000000000000000e+01 7.000000000000000000e+00 8.089882380000000000e+08 1.700000000000000000e+01 3.113000000000000000e+03 1.082999999999999963e+00 1.395300000000000000e+04 0.000000000000000000e+00
1.400000000000000000e+01 1.000000000000000000e+00 8.089899100000000000e+08 1.700000000000000000e+01 2.856000000000000000e+03 1.094999999999999973e+00 1.204100000000000000e+04 0.000000000000000000e+00
2.400000000000000000e+01 6.000000000000000000e+00 8.089918960000000000e+08 1.700000000000000000e+01 3.052000000000000000e+03 1.179000000000000048e+00 1.059800000000000000e+04 0.000000000000000000e+00
2.400000000000000000e+01 3.000000000000000000e+00 8.089919420000000000e+08 1.700000000000000000e+01 3.157000000000000000e+03 1.106999999999999984e+00 1.477000000000000000e+03 0.000000000000000000e+00
2.200000000000000000e+01 6.000000000000000000e+00 8.089919470000000000e+08 1.700000000000000000e+01 2.833000000000000000e+03 1.181999999999999940e+00 6.581000000000000000e+03 0.000000000000000000e+00
2.200000000000000000e+01 1.000000000000000000e+01 8.089919550000000000e+08 1.700000000000000000e+01 2.524000000000000000e+03 1.108000000000000096e+00 1.103600000000000000e+04 0.000000000000000000e+00
2.000000000000000000e+01 9.000000000000000000e+00 8.089919600000000000e+08 1.700000000000000000e+01 2.224000000000000000e+03 9.779999999999999805e-01 2.837800000000000000e+04 1.000000000000000000e+00
2.200000000000000000e+01 8.000000000000000000e+00 8.089919670000000000e+08 1.700000000000000000e+01 0.000000000000000000e+00 0.000000000000000000e+00 1.498000000000000000e+03 0.000000000000000000e+00
1.900000000000000000e+01 2.000000000000000000e+00 8.089919790000000000e+08 1.700000000000000000e+01 3.076000000000000000e+03 1.137000000000000011e+00 5.886000000000000000e+03 0.000000000000000000e+00
9.000000000000000000e+00 1.000000000000000000e+00 8.089926030000000000e+08 1.700000000000000000e+01 3.489000000000000000e+03 1.245000000000000107e+00 4.281000000000000000e+03 0.000000000000000000e+00
2.600000000000000000e+01 7.000000000000000000e+00 8.089930880000000000e+08 1.700000000000000000e+01 2.673000000000000000e+03 1.062999999999999945e+00 8.262000000000000000e+03 0.000000000000000000e+00
1.300000000000000000e+01 1.100000000000000000e+01 8.089930890000000000e+08 1.700000000000000000e+01 2.560000000000000000e+03 1.076000000000000068e+00 1.168500000000000000e+04 0.000000000000000000e+00
2.800000000000000000e+01 1.300000000000000000e+01 8.089935740000000000e+08 1.700000000000000000e+01 2.353000000000000000e+03 1.058000000000000052e+00 8.193000000000000000e+03 0.000000000000000000e+00
2.800000000000000000e+01 1.000000000000000000e+01 8.089935920000000000e+08 1.700000000000000000e+01 2.717000000000000000e+03 1.086999999999999966e+00 1.022400000000000000e+04 0.000000000000000000e+00
3.200000000000000000e+01 9.000000000000000000e+00 8.089945240000000000e+08 1.700000000000000000e+01 2.787000000000000000e+03 1.155000000000000027e+00 4.120000000000000000e+03 0.000000000000000000e+00
2.300000000000000000e+01 1.600000000000000000e+01 8.089946160000000000e+08 1.700000000000000000e+01 2.199000000000000000e+03 1.036999999999999922e+00 5.616000000000000000e+03 0.000000000000000000e+00
9.000000000000000000e+00 3.000000000000000000e+00 8.089954810000000000e+08 1.700000000000000000e+01 3.286000000000000000e+03 1.193999999999999950e+00 4.932000000000000000e+03 0.000000000000000000e+00
9.000000000000000000e+00 8.000000000000000000e+00 8.089964200000000000e+08 1.700000000000000000e+01 3.120000000000000000e+03 1.167999999999999927e+00 6.671000000000000000e+03 0.000000000000000000e+00
2.800000000000000000e+01 1.400000000000000000e+01 8.089972400000000000e+08 1.700000000000000000e+01 2.422000000000000000e+03 1.042000000000000037e+00 6.117000000000000000e+03 0.000000000000000000e+00
2.800000000000000000e+01 9.000000000000000000e+00 8.089972530000000000e+08 1.700000000000000000e+01 2.651000000000000000e+03 1.074999999999999956e+00 1.351700000000000000e+04 0.000000000000000000e+00
1.200000000000000000e+01 2.000000000000000000e+00 8.089984010000000000e+08 1.700000000000000000e+01 3.139000000000000000e+03 1.082999999999999963e+00 1.165900000000000000e+04 0.000000000000000000e+00
1.900000000000000000e+01 4.000000000000000000e+00 8.089987070000000000e+08 1.700000000000000000e+01 2.854000000000000000e+03 1.086999999999999966e+00 1.590400000000000000e+04 0.000000000000000000e+00
1.500000000000000000e+01 7.000000000000000000e+00 8.089988240000000000e+08 1.700000000000000000e+01 2.576000000000000000e+03 1.072999999999999954e+00 7.503000000000000000e+03 0.000000000000000000e+00
2.700000000000000000e+01 5.000000000000000000e+00 8.089989660000000000e+08 1.700000000000000000e+01 2.243000000000000000e+03 9.509999999999999565e-01 5.820000000000000000e+03 0.000000000000000000e+00
2.400000000000000000e+01 1.700000000000000000e+01 8.090007130000000000e+08 1.700000000000000000e+01 2.138000000000000000e+03 1.028000000000000025e+00 6.006000000000000000e+03 0.000000000000000000e+00
1.300000000000000000e+01 1.000000000000000000e+00 8.090031610000000000e+08 1.700000000000000000e+01 3.080000000000000000e+03 1.112000000000000099e+00 1.151900000000000000e+04 0.000000000000000000e+00
2.700000000000000000e+01 1.500000000000000000e+01 8.090037750000000000e+08 1.700000000000000000e+01 2.333000000000000000e+03 1.086000000000000076e+00 1.094200000000000000e+04 0.000000000000000000e+00
2.800000000000000000e+01 3.000000000000000000e+00 8.090042520000000000e+08 1.700000000000000000e+01 3.162000000000000000e+03 1.139999999999999902e+00 1.052300000000000000e+04 0.000000000000000000e+00
2.200000000000000000e+01 2.000000000000000000e+00 8.090061750000000000e+08 1.700000000000000000e+01 3.146000000000000000e+03 1.159000000000000030e+00 4.604000000000000000e+03 0.000000000000000000e+00
1.900000000000000000e+01 5.000000000000000000e+00 8.090076380000000000e+08 1.700000000000000000e+01 2.550000000000000000e+03 1.002999999999999892e+00 5.910000000000000000e+03 0.000000000000000000e+00
9.000000000000000000e+00 1.600000000000000000e+01 8.095032990000000000e+08 1.700000000000000000e+01 2.577000000000000000e+03 1.161000000000000032e+00 1.297000000000000000e+03 0.000000000000000000e+00
2.600000000000000000e+01 4.000000000000000000e+00 8.095034040000000000e+08 1.700000000000000000e+01 2.847000000000000000e+03 1.082000000000000073e+00 3.940000000000000000e+03 0.000000000000000000e+00
2.200000000000000000e+01 1.100000000000000000e+01 8.095034070000000000e+08 1.700000000000000000e+01 2.552000000000000000e+03 1.163999999999999924e+00 7.360000000000000000e+03 0.000000000000000000e+00
1.100000000000000000e+01 1.200000000000000000e+01 8.095206520000000000e+08 1.700000000000000000e+01 2.098000000000000000e+03 9.789999999999999813e-01 5.110000000000000000e+02 0.000000000000000000e+00
1.300000000000000000e+01 1.500000000000000000e+01 8.095208190000000000e+08 1.700000000000000000e+01 2.370000000000000000e+03 1.056000000000000050e+00 8.735000000000000000e+03 0.000000000000000000e+00
2.700000000000000000e+01 1.000000000000000000e+00 8.095214740000000000e+08 1.700000000000000000e+01 2.820000000000000000e+03 1.064999999999999947e+00 8.230000000000000000e+02 0.000000000000000000e+00
1.900000000000000000e+01 3.000000000000000000e+00 8.095244370000000000e+08 1.700000000000000000e+01 2.684000000000000000e+03 1.026999999999999913e+00 1.088500000000000000e+04 0.000000000000000000e+00
2.700000000000000000e+01 1.300000000000000000e+01 8.095244450000000000e+08 1.700000000000000000e+01 2.210000000000000000e+03 9.350000000000000533e-01 3.655000000000000000e+03 0.000000000000000000e+00
2.700000000000000000e+01 2.000000000000000000e+00 8.095260900000000000e+08 1.700000000000000000e+01 2.588000000000000000e+03 7.650000000000000133e-01 2.579000000000000000e+03 0.000000000000000000e+00
2.700000000000000000e+01 3.000000000000000000e+00 8.095261020000000000e+08 1.700000000000000000e+01 2.853000000000000000e+03 1.032000000000000028e+00 1.092600000000000000e+04 0.000000000000000000e+00
3.200000000000000000e+01 1.000000000000000000e+00 8.095261090000000000e+08 1.700000000000000000e+01 3.107000000000000000e+03 1.120999999999999996e+00 2.590000000000000000e+02 0.000000000000000000e+00
2.200000000000000000e+01 1.200000000000000000e+01 8.095261220000000000e+08 1.700000000000000000e+01 2.566000000000000000e+03 1.143999999999999906e+00 2.426000000000000000e+03 0.000000000000000000e+00
3.200000000000000000e+01 1.100000000000000000e+01 8.095386360000000000e+08 1.700000000000000000e+01 2.560000000000000000e+03 1.046999999999999931e+00 9.520000000000000000e+02 0.000000000000000000e+00
3.200000000000000000e+01 7.000000000000000000e+00 8.095386370000000000e+08 1.700000000000000000e+01 3.052000000000000000e+03 1.173999999999999932e+00 4.757000000000000000e+03 0.000000000000000000e+00
1.200000000000000000e+01 1.000000000000000000e+00 8.095386600000000000e+08 1.700000000000000000e+01 2.931000000000000000e+03 1.018999999999999906e+00 9.090000000000000000e+02 0.000000000000000000e+00
2.000000000000000000e+01 1.300000000000000000e+01 8.095387690000000000e+08 1.700000000000000000e+01 2.056000000000000000e+03 9.869999999999999885e-01 2.497500000000000000e+04 1.000000000000000000e+00
2.300000000000000000e+01 5.000000000000000000e+00 8.095387930000000000e+08 1.700000000000000000e+01 2.845000000000000000e+03 1.118000000000000105e+00 6.133000000000000000e+03 0.000000000000000000e+00
1.000000000000000000e+01 5.000000000000000000e+00 8.095388050000000000e+08 1.700000000000000000e+01 2.715000000000000000e+03 1.086999999999999966e+00 2.191000000000000000e+03 0.000000000000000000e+00
2.000000000000000000e+01 1.400000000000000000e+01 8.095487940000000000e+08 1.700000000000000000e+01 2.001000000000000000e+03 1.018000000000000016e+00 2.653000000000000000e+04 1.000000000000000000e+00
1.900000000000000000e+01 1.800000000000000000e+01 8.095487970000000000e+08 1.700000000000000000e+01 2.184000000000000000e+03 1.070000000000000062e+00 8.284000000000000000e+03 0.000000000000000000e+00
2.500000000000000000e+01 1.000000000000000000e+01 8.169190710000000000e+08 1.700000000000000000e+01 2.445000000000000000e+03 1.060000000000000053e+00 2.722400000000000000e+04 1.000000000000000000e+00
2.500000000000000000e+01 2.000000000000000000e+00 8.169191420000000000e+08 1.700000000000000000e+01 3.017000000000000000e+03 1.040000000000000036e+00 1.118700000000000000e+04 0.000000000000000000e+00
2.100000000000000000e+01 1.100000000000000000e+01 8.169191510000000000e+08 1.700000000000000000e+01 2.226000000000000000e+03 1.048999999999999932e+00 2.131800000000000000e+04 1.000000000000000000e+00
2.100000000000000000e+01 1.500000000000000000e+01 8.169191540000000000e+08 1.700000000000000000e+01 1.834000000000000000e+03 9.829999999999999849e-01 2.771100000000000000e+04 1.000000000000000000e+00
2.500000000000000000e+01 1.100000000000000000e+01 8.169197010000000000e+08 1.700000000000000000e+01 2.287000000000000000e+03 1.076000000000000068e+00 2.884800000000000000e+04 1.000000000000000000e+00
2.500000000000000000e+01 4.000000000000000000e+00 8.169284050000000000e+08 1.700000000000000000e+01 2.598000000000000000e+03 1.010999999999999899e+00 2.761800000000000000e+04 1.000000000000000000e+00
2.100000000000000000e+01 8.000000000000000000e+00 8.169299140000000000e+08 1.700000000000000000e+01 2.236000000000000000e+03 1.080999999999999961e+00 1.836700000000000000e+04 1.000000000000000000e+00
2.100000000000000000e+01 1.200000000000000000e+01 8.169299990000000000e+08 1.700000000000000000e+01 2.215000000000000000e+03 1.125000000000000000e+00 2.781400000000000000e+04 1.000000000000000000e+00
2.100000000000000000e+01 1.400000000000000000e+01 8.169308090000000000e+08 1.700000000000000000e+01 2.077000000000000000e+03 1.118999999999999995e+00 2.027800000000000000e+04 1.000000000000000000e+00
2.100000000000000000e+01 1.800000000000000000e+01 8.169435310000000000e+08 1.700000000000000000e+01 1.977000000000000000e+03 1.050000000000000044e+00 2.945600000000000000e+04 1.000000000000000000e+00
2.100000000000000000e+01 5.000000000000000000e+00 8.169641220000000000e+08 1.700000000000000000e+01 2.659000000000000000e+03 1.149000000000000021e+00 1.993900000000000000e+04 1.000000000000000000e+00
2.100000000000000000e+01 1.700000000000000000e+01 8.169785760000000000e+08 1.700000000000000000e+01 2.125000000000000000e+03 1.086000000000000076e+00 2.028800000000000000e+04 1.000000000000000000e+00
2.500000000000000000e+01 1.400000000000000000e+01 8.169785880000000000e+08 1.700000000000000000e+01 1.895000000000000000e+03 9.659999999999999698e-01 2.890200000000000000e+04 1.000000000000000000e+00
2.600000000000000000e+01 3.000000000000000000e+00 8.169823230000000000e+08 1.700000000000000000e+01 2.858000000000000000e+03 1.054000000000000048e+00 1.594400000000000000e+04 0.000000000000000000e+00
2.500000000000000000e+01 1.700000000000000000e+01 8.169857150000000000e+08 1.700000000000000000e+01 1.946000000000000000e+03 1.024000000000000021e+00 2.897000000000000000e+04 1.000000000000000000e+00
3.000000000000000000e+01 1.000000000000000000e+00 8.172848190000000000e+08 1.700000000000000000e+01 2.620000000000000000e+03 1.016000000000000014e+00 3.933600000000000000e+04 1.000000000000000000e+00
3.000000000000000000e+01 1.800000000000000000e+01 8.172875570000000000e+08 1.700000000000000000e+01 2.081000000000000000e+03 1.022999999999999909e+00 3.746300000000000000e+04 1.000000000000000000e+00
3.000000000000000000e+01 1.200000000000000000e+01 8.172934040000000000e+08 1.700000000000000000e+01 1.987000000000000000e+03 9.629999999999999671e-01 3.752900000000000000e+04 1.000000000000000000e+00
3.000000000000000000e+01 1.600000000000000000e+01 8.172972170000000000e+08 1.700000000000000000e+01 2.122000000000000000e+03 1.038000000000000034e+00 3.660500000000000000e+04 1.000000000000000000e+00
3.000000000000000000e+01 1.300000000000000000e+01 8.172994730000000000e+08 1.700000000000000000e+01 2.178000000000000000e+03 9.969999999999999973e-01 4.072300000000000000e+04 1.000000000000000000e+00
2.800000000000000000e+01 1.600000000000000000e+01 8.173007990000000000e+08 1.700000000000000000e+01 2.000000000000000000e+03 9.859999999999999876e-01 3.726300000000000000e+04 1.000000000000000000e+00
2.100000000000000000e+01 9.000000000000000000e+00 8.173023830000000000e+08 1.700000000000000000e+01 2.132000000000000000e+03 9.959999999999999964e-01 2.768700000000000000e+04 1.000000000000000000e+00
3.000000000000000000e+01 9.000000000000000000e+00 8.173036850000000000e+08 1.700000000000000000e+01 2.339000000000000000e+03 9.909999999999999920e-01 4.081100000000000000e+04 1.000000000000000000e+00
3.000000000000000000e+01 7.000000000000000000e+00 8.173037420000000000e+08 1.700000000000000000e+01 2.380000000000000000e+03 9.399999999999999467e-01 3.707600000000000000e+04 1.000000000000000000e+00
3.000000000000000000e+01 2.000000000000000000e+00 8.173055650000000000e+08 1.700000000000000000e+01 2.706000000000000000e+03 9.989999999999999991e-01 4.079100000000000000e+04 1.000000000000000000e+00
3.000000000000000000e+01 6.000000000000000000e+00 8.173121720000000000e+08 1.700000000000000000e+01 2.678000000000000000e+03 1.082000000000000073e+00 3.741200000000000000e+04 1.000000000000000000e+00
3.000000000000000000e+01 5.000000000000000000e+00 8.173175410000000000e+08 1.700000000000000000e+01 2.542000000000000000e+03 9.989999999999999991e-01 3.948100000000000000e+04 1.000000000000000000e+00
2.700000000000000000e+01 1.400000000000000000e+01 8.173180990000000000e+08 1.700000000000000000e+01 1.140000000000000000e+03 6.620000000000000329e-01 3.841200000000000000e+04 1.000000000000000000e+00
1.500000000000000000e+01 1.000000000000000000e+00 8.173181040000000000e+08 1.700000000000000000e+01 2.405000000000000000e+03 1.066000000000000059e+00 2.894800000000000000e+04 1.000000000000000000e+00
3.000000000000000000e+01 1.700000000000000000e+01 8.173189100000000000e+08 1.700000000000000000e+01 2.072000000000000000e+03 1.026000000000000023e+00 3.892700000000000000e+04 1.000000000000000000e+00
2.500000000000000000e+01 1.000000000000000000e+00 8.173190040000000000e+08 1.700000000000000000e+01 2.549000000000000000e+03 9.350000000000000533e-01 3.844400000000000000e+04 1.000000000000000000e+00
3.000000000000000000e+01 1.400000000000000000e+01 8.173198840000000000e+08 1.700000000000000000e+01 2.027000000000000000e+03 9.340000000000000524e-01 4.217100000000000000e+04 1.000000000000000000e+00
3.000000000000000000e+01 4.000000000000000000e+00 8.173202850000000000e+08 1.700000000000000000e+01 2.621000000000000000e+03 1.066999999999999948e+00 4.217500000000000000e+04 1.000000000000000000e+00
3.000000000000000000e+01 1.100000000000000000e+01 8.173203160000000000e+08 1.700000000000000000e+01 2.400000000000000000e+03 1.108000000000000096e+00 3.908600000000000000e+04 1.000000000000000000e+00
3.000000000000000000e+01 1.500000000000000000e+01 8.173311860000000000e+08 1.700000000000000000e+01 2.034000000000000000e+03 9.659999999999999698e-01 4.216900000000000000e+04 1.000000000000000000e+00
2.100000000000000000e+01 3.000000000000000000e+00 8.173338530000000000e+08 1.700000000000000000e+01 2.726000000000000000e+03 1.102000000000000091e+00 2.763800000000000000e+04 1.000000000000000000e+00
2.500000000000000000e+01 8.000000000000000000e+00 8.173358090000000000e+08 1.700000000000000000e+01 2.268000000000000000e+03 9.819999999999999840e-01 2.800600000000000000e+04 1.000000000000000000e+00
2.500000000000000000e+01 1.300000000000000000e+01 8.173429730000000000e+08 1.700000000000000000e+01 2.227000000000000000e+03 1.064999999999999947e+00 2.724000000000000000e+04 1.000000000000000000e+00
2.500000000000000000e+01 1.600000000000000000e+01 8.173442400000000000e+08 1.700000000000000000e+01 2.161000000000000000e+03 1.102999999999999980e+00 2.959100000000000000e+04 1.000000000000000000e+00
1.600000000000000000e+01 5.000000000000000000e+00 8.175651730000000000e+08 1.700000000000000000e+01 2.824000000000000000e+03 0.000000000000000000e+00 2.568800000000000000e+04 1.000000000000000000e+00
5.000000000000000000e+00 6.000000000000000000e+00 8.175657510000000000e+08 1.700000000000000000e+01 2.764000000000000000e+03 9.919999999999999929e-01 2.881700000000000000e+04 1.000000000000000000e+00
1.600000000000000000e+01 1.800000000000000000e+01 8.175657540000000000e+08 1.700000000000000000e+01 1.928000000000000000e+03 9.829999999999999849e-01 2.625200000000000000e+04 1.000000000000000000e+00
1.600000000000000000e+01 1.400000000000000000e+01 8.175657690000000000e+08 1.700000000000000000e+01 2.131000000000000000e+03 1.036999999999999922e+00 2.163600000000000000e+04 1.000000000000000000e+00
5.000000000000000000e+00 1.500000000000000000e+01 8.175692530000000000e+08 1.700000000000000000e+01 2.094000000000000000e+03 9.509999999999999565e-01 2.500100000000000000e+04 1.000000000000000000e+00
1.600000000000000000e+01 1.100000000000000000e+01 8.175697190000000000e+08 1.700000000000000000e+01 2.072000000000000000e+03 9.439999999999999503e-01 1.979200000000000000e+04 1.000000000000000000e+00
5.000000000000000000e+00 7.000000000000000000e+00 8.175697200000000000e+08 1.700000000000000000e+01 2.779000000000000000e+03 1.096000000000000085e+00 2.183900000000000000e+04 1.000000000000000000e+00
5.000000000000000000e+00 3.000000000000000000e+00 8.175818940000000000e+08 1.700000000000000000e+01 2.781000000000000000e+03 9.799999999999999822e-01 2.127300000000000000e+04 1.000000000000000000e+00
1.600000000000000000e+01 9.000000000000000000e+00 8.175838900000000000e+08 1.700000000000000000e+01 2.284000000000000000e+03 0.000000000000000000e+00 2.659000000000000000e+04 1.000000000000000000e+00
5.000000000000000000e+00 9.000000000000000000e+00 8.175892110000000000e+08 1.700000000000000000e+01 2.562000000000000000e+03 1.012000000000000011e+00 2.047300000000000000e+04 1.000000000000000000e+00
1.600000000000000000e+01 1.300000000000000000e+01 8.175953730000000000e+08 1.700000000000000000e+01 1.980000000000000000e+03 9.969999999999999973e-01 2.250400000000000000e+04 1.000000000000000000e+00
1.600000000000000000e+01 2.000000000000000000e+00 8.175954250000000000e+08 1.700000000000000000e+01 2.671000000000000000e+03 9.959999999999999964e-01 2.751900000000000000e+04 1.000000000000000000e+00
1.600000000000000000e+01 1.600000000000000000e+01 8.175954280000000000e+08 1.700000000000000000e+01 2.115000000000000000e+03 1.040999999999999925e+00 2.819700000000000000e+04 1.000000000000000000e+00
5.000000000000000000e+00 1.000000000000000000e+01 8.175954460000000000e+08 1.700000000000000000e+01 2.461000000000000000e+03 1.002999999999999892e+00 2.144500000000000000e+04 1.000000000000000000e+00
5.000000000000000000e+00 1.300000000000000000e+01 8.175954620000000000e+08 1.700000000000000000e+01 2.200000000000000000e+03 9.429999999999999494e-01 2.842300000000000000e+04 1.000000000000000000e+00
5.000000000000000000e+00 1.000000000000000000e+00 8.175971020000000000e+08 1.700000000000000000e+01 2.741000000000000000e+03 9.509999999999999565e-01 2.269200000000000000e+04 1.000000000000000000e+00
5.000000000000000000e+00 5.000000000000000000e+00 8.175971170000000000e+08 1.700000000000000000e+01 2.464000000000000000e+03 8.970000000000000195e-01 2.968700000000000000e+04 1.000000000000000000e+00
5.000000000000000000e+00 2.000000000000000000e+00 8.175971350000000000e+08 1.700000000000000000e+01 2.768000000000000000e+03 9.829999999999999849e-01 2.245700000000000000e+04 1.000000000000000000e+00
5.000000000000000000e+00 8.000000000000000000e+00 8.175971720000000000e+08 1.700000000000000000e+01 2.620000000000000000e+03 9.869999999999999885e-01 2.153800000000000000e+04 1.000000000000000000e+00
1.600000000000000000e+01 7.000000000000000000e+00 8.175972120000000000e+08 1.700000000000000000e+01 2.539000000000000000e+03 1.054000000000000048e+00 2.624700000000000000e+04 1.000000000000000000e+00
1.600000000000000000e+01 1.700000000000000000e+01 8.175972300000000000e+08 1.700000000000000000e+01 1.859000000000000000e+03 9.549999999999999600e-01 2.695100000000000000e+04 1.000000000000000000e+00
1.600000000000000000e+01 8.000000000000000000e+00 8.176064600000000000e+08 1.700000000000000000e+01 2.317000000000000000e+03 0.000000000000000000e+00 2.541500000000000000e+04 1.000000000000000000e+00
5.000000000000000000e+00 1.400000000000000000e+01 8.176071220000000000e+08 1.700000000000000000e+01 2.466000000000000000e+03 1.018999999999999906e+00 2.051800000000000000e+04 1.000000000000000000e+00
5.000000000000000000e+00 1.200000000000000000e+01 8.176071550000000000e+08 1.700000000000000000e+01 2.338000000000000000e+03 1.032999999999999918e+00 2.388500000000000000e+04 1.000000000000000000e+00
5.000000000000000000e+00 1.600000000000000000e+01 8.176080860000000000e+08 1.700000000000000000e+01 2.206000000000000000e+03 1.040999999999999925e+00 2.638500000000000000e+04 1.000000000000000000e+00
5.000000000000000000e+00 1.700000000000000000e+01 8.176081710000000000e+08 1.700000000000000000e+01 2.131000000000000000e+03 1.038999999999999924e+00 2.822000000000000000e+04 1.000000000000000000e+00
5.000000000000000000e+00 4.000000000000000000e+00 8.176081760000000000e+08 1.700000000000000000e+01 2.735000000000000000e+03 9.809999999999999831e-01 2.155100000000000000e+04 1.000000000000000000e+00
1.600000000000000000e+01 4.000000000000000000e+00 8.176125590000000000e+08 1.700000000000000000e+01 2.587000000000000000e+03 1.026999999999999913e+00 2.014100000000000000e+04 1.000000000000000000e+00
1.600000000000000000e+01 1.500000000000000000e+01 8.176164290000000000e+08 1.700000000000000000e+01 2.110000000000000000e+03 9.899999999999999911e-01 2.624000000000000000e+04 1.000000000000000000e+00
1.600000000000000000e+01 1.200000000000000000e+01 8.176164300000000000e+08 1.700000000000000000e+01 2.292000000000000000e+03 1.028000000000000025e+00 2.654600000000000000e+04 1.000000000000000000e+00
5.000000000000000000e+00 1.100000000000000000e+01 8.176188260000000000e+08 1.700000000000000000e+01 2.463000000000000000e+03 1.052000000000000046e+00 2.605600000000000000e+04 1.000000000000000000e+00
1.600000000000000000e+01 1.000000000000000000e+00 8.176201920000000000e+08 1.700000000000000000e+01 2.629000000000000000e+03 1.038999999999999924e+00 2.697600000000000000e+04 1.000000000000000000e+00
1.600000000000000000e+01 6.000000000000000000e+00 8.176201930000000000e+08 1.700000000000000000e+01 2.463000000000000000e+03 9.579999999999999627e-01 2.654400000000000000e+04 1.000000000000000000e+00
2.100000000000000000e+01 4.000000000000000000e+00 8.178012820000000000e+08 1.700000000000000000e+01 1.999000000000000000e+03 7.459999999999999964e-01 4.590000000000000000e+02 0.000000000000000000e+00
2.500000000000000000e+01 9.000000000000000000e+00 8.178022100000000000e+08 1.700000000000000000e+01 2.662000000000000000e+03 1.157000000000000028e+00 2.320000000000000000e+02 0.000000000000000000e+00
2.500000000000000000e+01 3.000000000000000000e+00 8.178022190000000000e+08 1.700000000000000000e+01 1.964000000000000000e+03 7.439999999999999947e-01 2.280000000000000000e+02 0.000000000000000000e+00
2.100000000000000000e+01 1.300000000000000000e+01 8.178022310000000000e+08 1.700000000000000000e+01 2.187000000000000000e+03 1.060999999999999943e+00 4.338000000000000000e+03 0.000000000000000000e+00
2.500000000000000000e+01 1.500000000000000000e+01 8.178022430000000000e+08 1.700000000000000000e+01 2.404000000000000000e+03 1.221999999999999975e+00 6.958000000000000000e+03 0.000000000000000000e+00
2.100000000000000000e+01 1.000000000000000000e+01 8.178023740000000000e+08 1.700000000000000000e+01 2.507000000000000000e+03 1.173999999999999932e+00 6.985000000000000000e+03 0.000000000000000000e+00
2.100000000000000000e+01 7.000000000000000000e+00 8.178042280000000000e+08 1.700000000000000000e+01 2.716000000000000000e+03 1.092000000000000082e+00 1.750000000000000000e+02 0.000000000000000000e+00
2.500000000000000000e+01 6.000000000000000000e+00 8.190057660000000000e+08 1.700000000000000000e+01 3.107000000000000000e+03 1.068000000000000060e+00 1.670000000000000000e+02 0.000000000000000000e+00
2.100000000000000000e+01 1.000000000000000000e+00 8.190065350000000000e+08 1.700000000000000000e+01 1.764000000000000000e+03 6.730000000000000426e-01 5.300000000000000000e+02 0.000000000000000000e+00
2.100000000000000000e+01 1.600000000000000000e+01 8.190473880000000000e+08 1.700000000000000000e+01 2.373000000000000000e+03 1.163000000000000034e+00 5.087000000000000000e+03 0.000000000000000000e+00
