817597102 5 1
28208
23872
28770
23877
27512
26862
28771
27507
24156
19736
23879
23874
26088
26084
26086
26091
22694
22692
22696
26089
26014
26083
22695
26010
26011
22699
26008
22691
26006
26004
26013

817597135 5 2
24287
24222
20107
20130
20139
21793
21699
20093
20491
20103
21748
21600
28315
19780
19790
29637
28397
22457
20513
22434
22447
22444
20530
29643
20532
22440
20534
28400
20524
20531
26033

817581894 5 3
22839
25237
25234
25233
25240
25236
25223
25242
25241
25239
25224
22845
21270
21861
21850
21287
21275
21273
23663
21842
21263
21854
21851
21266
24781
21840
23671
21284
21283
21855
21288

817608176 5 4
20111
20099
24194
20097
20108
20109
21612
20116
24200
20503
21609
20098
21534
21540
29639
21543
21536
21551
21560
28399
21541
21542
29642
21544
28377
28394
21535
21559
21532
21548
24985

817597117 5 5
20986
20979
19892
21011
20980
20981
19898
20967
19906
20962
19897
19891
29685
29064
23358
26079
22697
29687
28818
28718
26003
26062
28819
26031
28799
28712
28814
26012
26002
26026
22701

817565751 5 6
28783
28787
28785
28786
28790
28777
28789
28788
22972
28782
22976
28791
28812
28795
28813
23890
28800
28817
29350
23357
28794
22964
28798
28714
28806
28710
28805
28797
28705
28706
28704

817569720 5 7
25361
25353
25351
25364
22878
25342
25347
22875
24531
24506
24503
25344
24791
21834
23696
24774
24780
21839
24693
24707
24788
21832
24704
24776
24683
23697
24689
24792
25876
24790
24794

817597172 5 8
20977
20105
19741
24195
20982
19899
20095
20964
19902
19907
20096
20101
21557
21547
21552
24998
28793
21538
21553
21558
21545
21533
21539
24984
21554
21537
21549
29039
21546
24990
28713

817589211 5 9
20241
19776
21562
20230
20220
20216
20226
20215
21450
19781
20231
21577
20470
24992
25000
21561
20444
20473
24983
24253
20469
21465
25003
21460
24989
24256
24197
21582
21451
21550
24933

817595446 5 10
21587
19769
19765
19775
19791
19789
21567
22445
19770
19771
20235
19786
21471
21555
20481
21466
20464
21445
20439
21556
24928
24923
20462
20477
20453
21470
21456
20455
20452
20460
20476

817618826 5 11
18303
18306
18295
18321
18292
18312
18299
18308
18297
18304
18301
18310
26045
26050
26040
26054
26055
26056
26058
26042
26038
26061
26032
26046
26039
26048
26036
28372
28401
26052
26034

817607155 5 12
21031
20387
20391
20386
21039
19868
20377
19861
19855
19864
21071
20389
23900
28340
26051
23923
23892
23885
26047
26037
23886
26057
26044
23929
26059
28336
26043
23882
23873
28333
26049

817595462 5 13
21029
19879
21023
19860
19881
19854
21022
21025
21035
19878
19869
21036
28432
26373
26872
25982
28384
28423
26390
27504
26386
26381
27452
25975
28213
28210
26378
28421
28428
28452
25983

817607122 5 14
20379
20388
20390
20385
21070
20380
21076
20381
20365
20364
21057
20366
20539
20538
23924
19784
20525
20518
20517
22454
22452
20523
23919
20527
22439
22449
20516
20512
22459
19785
19779

817569253 5 15
20449
19823
19850
20350
20225
19766
19834
20221
20456
20458
19828
19847
24240
24190
22382
24248
24982
25001
24987
22372
21622
24997
19749
21623
22373
24241
24233
25008
24188
24232
24995

817608086 5 16
20341
18296
20359
20334
21374
20343
20342
20703
20340
20361
20337
20335
26376
28431
26383
26380
24255
26385
28411
25985
26377
28426
28341
26382
25980
25984
26387
24254
28437
26388
20077

817608171 5 17
21026
19867
19866
19862
19870
19873
19877
21027
19853
19876
19871
21050
28207
28214
26849
26846
28217
28220
27511
28202
27067
26866
26870
26851
27520
27514
26869
27522
28203
26863
27529

817608117 5 18
19903
20992
19895
19894
19893
19908
21004
21018
20973
20972
19905
21009
23931
23930
23901
23918
23899
23922
23925
23909
23891
23921
23928
23881
23894
23889
23884
23893
23887
23880
23895


808992603 9 1
1838
4944
4945
5048
3317
4946
4263
1837
3307
1839
1841
4943
7738
7724
4272
7718
4271
4281
7712
7729
1752
4269
1754
4264
7720
7740
7711
7716
1753
7737
7730

808974928 9 2
1746
7631
7623
7622
7634
7627
7633
7632
4279
7640
7635
4284
4966
4958
4955
4976
1755
4959
4970
4979
4971
4972
4957
4964
6436
6204
4975
6205
4324
4325
7626

808995481 9 3
1758
4969
4978
4953
4968
4973
2486
2482
7714
4980
4977
7715
4941
4940
4933
4930
4925
4932
4929
4924
1831
4942
4936
4931
4935
4928
4938
1832
4939
4937
4948

808966287 9 4
1748
7638
7639
7637
4266
4278
7641
7636
4282
1747
7642
4290
6285
6288
6298
6299
6278
6271
6287
6283
5052
6272
6291
6281
7621
4285
6274
4275
1742
6277
6473

808467569 9 5
7628
6257
6253
7157
6255
6250
6268
6251
6262
6261
6258
6263
2484
2477
7285
7281
7283
7261
7262
7290
7288
7278
7265
7269
7277
2461
2489
2488
2487
7280
6680

808430036 9 6
1648
3828
3821
2476
3826
7279
7272
1647
3819
3822
2490
6052
6264
6249
7156
6267
6256
7151
7152
7155
7154
6203
7158
7159
7153
6207
4328
4327
7717
7719
4954

808430571 9 7
7723
7713
7727
7725
1756
4321
7726
7736
4965
4962
4967
7734
6478
6279
6280
4595
5042
3308
6292
6270
6269
6259
6290
5044
6275
6295
5046
6273
6276
4599
6266

808996420 9 8
6739
6744
6735
6725
6210
6209
7171
5027
7179
6476
4175
4179
7268
7271
6677
2485
2098
6671
3834
939
6059
6051
2469
2100
6732
2097
2099
6666
2094
2462
2095

808987051 9 9
680
679
664
672
675
1707
1428
1425
4296
1427
1710
4131
6689
7273
6684
6690
2569
1593
4365
2561
3163
2572
7267
7274
6686
1594
1599
6676
1592
6664
2577

808965918 9 10
4028
7412
6875
3358
4023
4044
6874
6872
6871
666
678
4055
4045
2775
4033
2772
7434
4046
6879
6880
6876
2776
4034
7411
6877
4110
2774
4041
4096
6878
2785

808447091 9 11
7735
7731
7733
7732
7722
4267
4323
4322
4961
4960
7721
4330
4303
1440
1373
1372
4298
1374
1430
1423
1375
4291
4299
4297
1420
7797
1429
4311
4292
4310
4305

808430449 9 12
4105
4026
4156
4157
5022
4161
6896
4037
5021
2783
7425
2777
4024
4029
1770
5023
4103
4032
2784
4170
4038
4035
7187
6472
4162
4104
6477
4158
4039
4040
4095

808468365 9 13
7022
4138
4136
4129
4135
7075
4133
4191
4200
690
683
676
1467
7784
7789
7792
4346
3462
1718
1736
1762
6524
1333
7790
6923
6527
1763
6346
1830
1540
1543

808987121 9 14
6728
1611
3169
4360
3160
3155
3172
1620
3170
3161
1612
3154
780
6730
1313
1312
5185
6721
5176
4367
1220
1215
5186
5970
1309
7176
6471
7175
7172
3174
2563

808474231 9 15
1480
7043
4686
1482
4690
6857
1473
7044
7045
1472
7220
7228
7010
3403
3410
1460
3407
3419
3368
3404
3401
6420
3391
6961
6977
3408
3402
1452
1457
1468
1458

809503299 9 16
6738
5179
6724
1206
5941
5183
1316
5189
1319
5174
6733
4176
3168
3156
1615
1619
6734
1297
5175
1320
1311
5171
1614
3151
3152
5178
5180
1613
1616
5182
4022

808972586 9 17
7681
5630
5622
5617
6768
1469
6777
7016
6771
1462
1412
7690
6776
1470
6773
6765
7015
7005
6772
6774
7218
1463
3363
3459
6532
6859
1422
6336
6539
7013
6775

808982574 9 18
6767
1464
7214
7215
6910
6919
6769
7000
6928
6929
6909
7211
4309
7693
5057
1417
5627
5055
5626
1416
4313
7708
7707
4319
7705
4312
3311
7697
5625
5629
7696


808984207 10 1
6162
711
3359
4740
6805
4728
1786
1783
1785
1787
1782
6802
6798
719
6788
1781
6795
4739
3357
3337
6789
718
3360
715
707
720
6801
717
6787
4042
3343

808474244 10 2
4636
4632
6334
4624
5031
4621
6342
5029
6339
4623
7347
5285
5513
4080
6590
6882
6572
6154
5033
6541
10633
5200
1724
5030
1171
2238
7299
2699
5039
6561
5719

808959403 10 3
4554
4555
4531
4540
7383
5192
5198
7390
7403
7142
4800
6451
3614
2654
3059
3611
3624
3621
3054
3612
3613
3618
3623
2000
1991
1992
5518
7194
7195
7191
1993

808964322 10 4
1775
3270
3958
10648
3370
10649
4375
6145
4258
7092
4535
2060
4036
10574
6119
10569
2430
4025
3706
11001
10570
3581
2071
10531
2871
5703
980
5827
2365
4755
1970

809538805 10 5
1948
5846
2922
5854
4733
3966
4543
2943
4142
4097
3669
3674
969
2370
2731
6302
7213
2191
3548
2748
1572
6098
10960
5523
2193
3051
5047
6015
4764
1008
3615

806468834 10 6
3286
5247
5221
5380
706
5981
2649
2135
10645
5291
3067
1179
3305
2627
4674
3229
3620
5045
1860
10611
3237
3053
6156
3309
5053
4671
3047
7199
7128
7346
7652

808964925 10 7
15498
15497
15507
15505
15514
15499
15506
12830
12829
12831
12834
12825
10335
10337
10341
10331
10342
10389
10392
10333
10328
10329
10340
10391
10324
10321
10371
10338
10332
10327
10334

808474243 10 8
12840
12838
12835
12827
12782
12792
12795
12794
12787
12788
12793
12785
11230
10232
11231
11234
11235
11225
10231
11227
11233
11224
11223
11229
11221
11222
11228
12905
15238
12948
12949

808447066 10 9
12786
12791
12784
12783
12789
12781
12790
12837
12836
12796
12833
12828
12942
12936
12945
12944
12943
12940
12938
12931
12937
12932
12950
15236
15228
15235
15240
15231
15230
15229
15232

808978646 10 10
12832
7559
7555
7442
7526
7525
7557
7524
7529
7535
7553
7443
15239
12939
15227
15237
15226
15234
15233
12984
12989
12880
12976
12974
12979
12881
12973
12985
12882
12877
12878

808984717 10 11
7558
7536
7554
7522
7556
7523
7448
7441
7447
7445
7531
7560
12990
12879
12872
12885
12871
12876
12890
12884
12883
12972
12971
12889
12983
12977
12981
12978
12982
12980
10242

808984662 10 12
9618
8292
9757
9747
9758
9230
9667
9647
9730
9750
9650
9724
10252
10251
10247
10253
10246
10236
10255
10256
10241
10243
10260
10254
10250
10237
10234
10245
10233
10319
10235

808949990 10 13
9756
9752
9677
9751
9690
9702
9617
8291
9744
9741
9753
9663
13320
13201
13252
13257
13253
13316
13312
13258
13249
13248
13315
13311
13232
13256
13259
13305
13318
13255
13202

808981369 10 14
7528
7446
7534
7532
7444
7521
7533
9749
9746
9743
9754
9742
13203
13308
13309
13317
13204
13260
13250
13254
13313
13310
13231
10257
10249
10248
10240
10244
10239
10316
10317

808474602 10 15
9748
10410
10406
10409
10408
10407
10323
10373
10330
10401
10339
10336
10258
10259
10770
10769
10763
10764
10765
10761
10756
10757
10762
10706
10719
10767
10684
10707
10768
10720
10766

808977015 10 16
3606
4551
4547
4538
4539
4533
4552
3601
4532
4541
3605
4549
7395
7391
7389
5199
7384
5193
7386
5194
3684
3683
3680
3046
3050
3043
3041
3042
3049
2653
2651

808961716 10 17
3033
3057
5305
5718
5722
4537
3608
3603
4548
4534
3607
3604
784
7306
7319
7294
7315
7302
7301
7318
7387
10610
7382
7385
7381
5195
5191
5210
7399
7392
7397

808480486 10 18
3562
5310
5290
4763
4766
5282
5297
10654
4762
5295
2669
3908
7388
2672
6354
6073
5728
1806
4779
6337
6062
5730
1829
4884
5038
10642
5205
4648
3313
7317
7304


808992753 11 1
9562
12685
12744
12732
9564
9551
12737
9552
12738
12743
12733
12722
9483
12000
9481
9482
9566
9563
9555
9493
9559
9494
9484
9492
9487
9490
9567
9560
9488
9491
9489

808985796 11 2
13610
13617
13619
13609
13618
13606
13613
13611
13567
13571
13564
13612
12749
12747
12721
12745
12748
12688
12689
12730
12734
12690
12726
12687
12735
12723
12728
12739
12724
12686
12750

808964913 11 3
9449
7590
9448
8573
14974
9443
14977
14188
9444
8575
8579
14183
13734
13737
13725
13730
13679
13659
13670
13732
13655
13728
13733
13736
13660
13664
13675
13669
13680
13678
13673

808447052 11 4
11999
11983
9485
13608
13614
9486
13615
9561
13616
13605
13607
11984
14182
14199
11434
14834
14842
14831
14826
14830
11449
14835
14219
11447
14828
14841
14845
11443
14833
11445
14832

808973936 11 5
13723
13727
13735
10090
8771
13731
10087
13724
10088
8781
8772
13738
8795
8804
8803
8807
8808
8806
8805
8793
8794
12266
8792
8799
8797
8801
8802
8800
12264
8798
8811

808960330 11 6
11509
11842
11512
11513
11505
11841
11510
13866
11458
11850
11457
11840
11452
11506
11508
11843
13577
13620
13578
11833
13575
11839
11834
13569
13574
13572
13565
13573
13563
13570
13576

808964932 11 7
12202
12142
12180
12188
12201
12137
12131
12206
12136
9476
12121
12187
8777
10089
9986
10101
10086
10095
8776
8782
8789
8783
10081
8787
10084
10106
8784
8786
9989
8778
10082

808975010 11 8
11514
11453
11504
11507
11503
11511
11844
11837
11455
11836
11838
11835
1234
5824
5821
5832
858
452
442
3703
3712
3704
1236
3705
1259
3700
3713
3702
3717
3715
5834

808978557 11 9
4398
10940
4400
4381
1277
4395
4387
5394
10935
1279
5395
5396
12179
12126
12127
12191
12186
12181
12150
12183
12146
12196
12207
12192
12149
12122
12147
12197
12182
12141
12132

808451783 11 10
568
465
443
449
444
456
445
451
404
469
431
436
8878
8875
8845
10039
12094
12093
12087
8849
12091
10042
10038
12084
12083
10037
12088
12092
12090
10034
12089

808986422 11 11
5825
4015
5822
1235
13668
4019
13663
4014
13654
13665
13674
4013
9447
8580
8570
14982
14976
14973
8572
8577
9446
14971
8571
8576
8574
9441
9442
8578
14972
9450
14975

809520652 11 12
536
517
596
498
523
591
510
525
592
535
597
12262
534
542
537
600
399
511
595
538
515
551
396
522
518
599
521
519
593
598
520

808946994 11 13
54
66
62
63
67
60
3
2
56
68
6
55
512
23
20
19
64
59
4
22
18
69
3711
513
8
516
17
7
5
21
24

808976206 11 14
8879
8874
10041
10029
8876
8873
10036
10032
12725
12740
12729
10043
12096
12095
9464
9468
9475
9474
9470
12098
9466
9467
12097
9463
9471
9461
9465
9469
9472
9462
9473

808480525 11 15
8872
10035
8848
10044
10040
8880
10030
10033
10031
8877
8871
8850
8953
10587
3708
10585
8949
8955
3590
3707
3595
10577
3710
3576
3720
1260
3589
10582
3594
10583
3582

808958322 11 16
11377
10318
10294
14073
10208
11355
11342
10213
10287
10212
10207
11358
10290
15940
15937
15194
15931
15926
11391
15929
15930
15941
15925
10174
15935
15934
15939
15936
15927
15932
15942

808440691 11 17
12265
8809
8796
8810
8812
12263
12269
14981
12268
8791
12270
14978
11436
11433
14846
14838
8790
9987
8788
11435
10083
14824
11442
11441
14850
11448
9988
14840
14836
11444
14837

808972605 11 18
14210
14178
14190
14195
14214
14194
14205
14209
14126
14176
14185
7585
10793
10068
9177
10791
10794
10795
9167
9168
15419
14641
9180
10800
9171
9170
9176
10781
10067
7843
10799


809538660 12 1
2101
2121
1114
2229
1120
1118
3849
1272
1111
1265
1266
912
8917
10990
906
917
8919
909
8916
1968
916
8925
8918
915
10984
10983
910
10988
10989
2111
3844

808998401 12 2
920
8915
1963
8923
1969
8913
3792
1961
2455
1956
913
918
11651
11641
11645
11664
11647
11659
15472
15477
11654
15471
11642
11658
11655
11643
11644
11650
15476
11649
15479

808984610 12 3
2122
1069
3639
1068
3638
3637
2119
2125
5276
1067
4437
5648
10981
3793
2458
5641
4440
5642
4438
4433
4432
5705
5702
5643
4439
3642
5701
5709
5704
5645
2444

808432823 12 4
11640
12698
12702
12705
10460
12699
12700
12704
12697
12701
10471
10472
10447
10452
10445
10481
10475
12711
10457
10454
10446
10453
10451
10449
10448
10459
10456
10455
10450
10458
12703

808443733 12 5
11618
11613
11628
11629
11612
11630
11584
11624
11589
11611
11665
15478
11635
11639
11627
11626
11623
11633
11634
11590
11585
11622
11636
11617
11638
11637
11625
11619
11631
11632
11620

808455517 12 6
11648
11646
11657
11660
15473
15480
11653
11652
11663
10113
12204
12185
14159
14125
14115
14101
14128
14121
14106
14108
14107
14130
14129
14110
14158
14102
14105
14104
14160
14109
14157

808971305 12 7
12198
12184
10120
10124
8851
10116
10121
10123
8852
12210
10114
12193
14103
14119
14114
14113
15350
15348
15349
13451
15354
13456
13463
13464
13458
15347
13459
13465
13467
13469
13461

808947505 12 8
10118
10122
10119
12190
12189
12199
10115
12194
10117
12195
12200
10112
13462
13470
12476
13457
15357
13444
13443
12466
12467
15351
12401
12388
12386
12369
12368
8186
8183
8211
8173

808981121 12 9
12203
12209
10111
14660
14666
14656
14667
14668
14665
14728
14669
14726
8171
8179
8188
8184
8217
8219
8190
8181
8167
8187
8185
8163
8189
8166
8161
8162
8176
8182
8180

808971936 12 10
14729
14727
14670
14724
14725
14723
14730
14659
14655
14652
14647
14662
8178
8177
8218
8172
8168
8216
8174
9708
8175
8169
8203
8196
8333
8339
8274
8273
12870
12864
9949

808976232 12 11
14651
14663
14648
14661
14653
14658
14657
14654
14664
14117
14120
14118
9948
9859
9872
9860
9873
9893
9805
9808
15245
15244
9804
9900
12424
15195
9801
12425
15183
12409
9694

808960289 12 12
14116
14124
14122
14123
1033
10982
3644
5644
2454
5708
3643
10613
8242
9709
8248
9703
9698
9697
9696
9704
9710
9705
9693
9700
9692
9695
8240
8247
8244
8231
8243

808476725 12 13
9790
15263
9788
15270
9795
9782
15264
15257
9783
15256
15261
15265
8250
8232
9699
8237
8239
8241
8249
8236
8238
8245
9838
9831
9785
9836
9837
9794
9789
9781
9784

808474593 12 14
15269
15268
9839
15267
9832
15262
9807
15266
9806
12869
12859
12865
8319
12857
12863
12858
12862
12852
8313
12853
12847
12841
8314
12856
12843
8315
12844
12861
12854
12851
12850

808981503 12 15
7947
7833
7931
7832
7949
7946
7942
7936
7940
7943
7939
7945
12842
8320
12845
12848
12860
7928
12846
12855
7933
12849
7944
7938
7941
7948
7934
7922
7927
7937
7950

808964876 12 16
7923
7932
7926
7921
7835
7834
7929
14042
14047
10188
14054
14048
14055
14046
14056
14057
14059
14051
10196
14060
10191
14065
14053
14043
14049
10187
10186
14041
10192
14050
14044

808958588 12 17
10199
10193
10197
10195
14045
10194
13856
13860
13851
13850
13775
13771
13815
13816
13975
13966
13805
14010
14009
9048
9049
13813
13822
13814
9029
13811
13804
13808
9023
13810
13812

806451584 12 18
13859
13854
13803
13858
13857
10806
10819
10788
10822
10817
10807
10812
10816
10814
10818
10787
10821
10808
10815
10774
10786
10830
10825
10809
10811
10775
10826
10829
10824
10813
10820


809003161 13 1
10266
10261
10269
10262
10267
10272
10264
10263
10268
10270
10265
10273
14283
14284
14285
14789
8744
11519
11520
14288
11517
14289
8654
8733
14282
11515
14287
8738
14281
11516
8750

808974966 13 2
11294
11282
11295
11298
11289
11372
11286
11293
11296
11297
11281
11299
13401
9351
10289
13549
13387
9400
9359
9303
13016
13411
10288
13548
9392
9388
9399
12873
13017
13412
13388

808972346 13 3
14096
14079
14080
14075
14077
14076
14071
14085
14097
14078
14074
14084
12953
12920
15222
15299
13528
12954
12947
15221
13529
12919
12874
15297
15279
13402
12941
13526
15300
15291
15295

808465342 13 4
8827
8843
12673
12670
8844
8821
12669
8824
8829
10049
12677
10050
12454
12478
12474
12473
12451
12480
12461
12469
12471
12458
12452
12465
12472
12459
12812
12457
12468
12464
12470

808960452 13 5
12960
15296
13504
13514
12952
15293
13505
12957
15294
12958
15298
13527
10385
10395
10350
10386
10397
10400
10402
10343
10393
10398
10344
10380
10404
10345
10403
10399
10394
10396
10390

808971937 13 6
11309
11301
11302
11303
11308
11386
11304
11382
11307
11306
11290
11310
8651
8653
8846
8647
8652
8645
14369
8840
14286
14309
8833
8649
8648
14367
8643
14310
14307
8646
14308

808987005 13 7
8130
7982
8123
8124
8121
7983
8128
8007
8127
8003
11373
8002
10275
10381
9302
10274
9305
10405
11686
14092
10346
10383
14088
14072
14095
14091
14081
11392
10382
10347
9304

808981211 13 8
13349
13230
13346
10354
13340
13226
13342
13261
13339
13345
13348
13227
13229
13225
13224
13223
13210
13218
13219
13221
13209
13222
13228
13263
13220
13217
13212
13215
13213
13265
13214

806459597 13 9
7785
6113
2725
7700
13986
7241
8962
2959
1119
2955
874
2327
3764
10680
1405
7230
10985
935
3591
7076
4734
1868
6748
2483
2079
7668
6746
7706
4616
3975
7694

808952499 13 10
13855
8013
8014
8006
13756
13772
8122
13773
13852
8116
8117
8001
12006
15160
15095
12001
9279
13307
15057
15078
13208
15100
15154
11906
15008
15002
15091
9278
13211
13314
11905

808993089 13 11
12477
12951
15286
12946
15325
12479
12959
12460
12956
13510
12955
13509
11681
11683
11684
8025
8022
11685
11687
8035
11692
8018
11688
8016
11689
8017
11693
8019
11690
8029
11694

808981839 13 12
8010
7984
8005
8126
7985
8004
8008
8015
8125
8012
8129
8009
11211
11212
14541
14546
14528
14522
14533
10190
14527
14544
14539
14542
14531
10183
14526
14534
14535
14543
14529

808958591 13 13
11305
15323
15324
15328
11288
11287
12463
11292
11283
12453
12462
12456
8838
8830
10046
8837
8842
8839
10045
8831
8835
8834
8828
8836
8823
8826
8822
8847
8825
8841
8832

808979723 13 14
14537
14538
14536
14004
14549
14634
14638
14532
14554
14521
13774
14551
11217
8028
8026
11208
11209
11218
8027
11691
11210
11700
8030
11387
8034
11682
8021
11213
13326
11241
13321

809520819 13 15
14099
14093
14089
14094
14090
14083
14098
14087
14086
14082
9266
11396
8740
14818
8734
14782
14776
8735
14790
8736
14783
14811
14787
8729
8737
8745
14786
14777
14784
8739
14764

808971630 13 16
13796
14614
13767
14618
13800
14616
13765
13769
13744
14612
13763
13770
11121
11113
14769
11110
15070
11115
11117
14797
11119
11116
14785
11111
14781
14803
14788
15152
11109
11120
15082

808958372 13 17
13764
13768
13853
13760
13792
14617
13751
14613
14611
14615
13752
14619
12671
12765
10349
12758
12757
12752
12684
10388
12760
12676
10348
12755
10384
10387
12674
12741
12753
12751
12672

808957378 13 18
11215
11300
10353
11214
11220
11291
13344
13350
11376
11216
11207
13347
11832
11501
11816
11813
14821
11818
11446
11437
11499
11810
11440
11831
11450
11820
11807
11830
11814
11500
11817


808989910 14 1
12049
12051
9558
9557
9554
9556
12050
12054
12053
12052
12046
12047
12048
12045
12042
12044
12043
12041
12039
12040
11975
11976
11977
11979
11978
11980
11981
9565
9568
9569
11368

808972457 14 2
11369
11364
11359
9241
11255
11367
11366
11365
9246
9242
9245
11370
11251
11253
11363
11362
11361
11399
11357
9250
11356
9249
9247
11254
9243
10420
9248
9244
11260
8686
8691

808447094 14 3
13633
8695
8681
8689
13638
13646
8679
13634
13642
9504
9507
9497
11961
8692
8682
13645
11963
8690
8688
8680
13641
11965
8687
8683
8684
13637
8693
8685
8700
11967
8694

808959731 14 4
11994
11996
11986
11985
11987
11995
9498
9503
14480
14479
14478
14472
11998
11991
9505
9509
9502
11997
11988
9506
9499
9496
11992
11989
9508
9500
9495
11993
11990
9510
9501

808979913 14 5
14477
14490
14483
14484
14485
14599
14476
14489
14471
14600
14488
14598
14597
14591
14482
14596
14610
14603
14592
14604
14473
14602
14609
14601
14605
14474
14606
14515
14514
14512
14513

808485250 14 6
14495
14511
14517
14516
14518
14508
14519
14520
14502
14501
14507
14504
14503
14505
14555
14491
14506
14498
14497
14496
14494
14492
14493
14500
14499
12597
12592
12598
12593
12599
12604

808451782 14 7
12610
12605
12596
12591
10852
12602
12603
12609
10854
10853
10851
10860
10859
12608
10858
10857
12621
12627
12626
12594
12600
12629
12628
10856
7959
7958
7952
7964
7956
7955
7960

808430572 14 8
7954
7953
7885
7871
11699
11698
11697
7884
7951
11696
7878
7876
7883
7877
7879
7882
7880
7881
7888
7889
7957
7890
7965
10158
10152
10159
10151
10157
10162
10163
10164

808470373 14 9
10165
10156
10161
10169
10168
10167
10171
10175
10179
10166
10173
10172
10185
10184
10176
10178
10177
10180
10189
10181
10160
10153
14510
14608
14607
14481
14487
14509
12617
12624
12630

808961261 14 10
12622
12533
12497
12494
12490
12496
12489
12492
12491
12495
12500
12498
12487
12499
12493
12488
12486
12481
12483
12482
12659
8617
14338
14339
14340
8614
8619
8612
8611
8615
8616

808976233 14 11
8626
8618
8622
8621
8620
14313
8625
8624
8623
8630
14329
8628
8627
8629
14314
8642
14398
14330
14331
14332
9593
9579
14916
14929
14922
14917
14926
14921
9591
9588
14410

808985803 14 12
14918
14920
9592
9580
14405
14924
14927
9594
9589
14409
14928
14923
14925
9590
9587
14919
14930
14915
14913
9457
12119
9455
9456
9522
9521
12115
9454
12120
9451
12099
11527

808976265 14 13
12116
9458
9452
12102
11522
11526
9460
12086
12104
9514
9479
12117
12105
11530
9453
12118
9459
12085
14364
14363
14375
14383
14384
14382
14373
14378
14386
14385
14371
14372
14376

806481218 14 14
13904
13901
13905
13900
13903
13902
13906
13893
13896
13894
13897
13898
14380
14381
14389
14390
14391
14374
14379
14387
14394
14395
14377
14388
14397
14399
14396
14392
14393
13914
13910

806483362 14 15
13886
13875
13907
13916
13880
13883
13890
13885
13836
13888
13891
13887
13892
13889
13879
13884
14624
14628
14632
14530
14540
14637
14625
14629
14636
14620
14633
14622
14626
14630
14621

808976160 14 16
13687
8672
13694
13699
13700
13698
13695
13696
8677
13704
13714
13692
14639
14635
14623
14627
14631
13743
13747
13794
13798
13742
13745
13741
13797
13793
13746
13682
13686
13691
13701

808976352 14 17
8678
13703
8671
13718
13647
13702
13697
13684
13683
13688
13689
13690
13651
15182
15188
12416
15193
15192
15189
15181
15200
15187
15197
15204
15191
15186
15203
15205
12415
12418
15184

808976319 14 18
13693
13722
13716
13713
13657
13740
13677
13662
13661
13672
13715
13712
13648
13719
13671
13666
13729
13721
13720
13653
13652
13667
13717
13650
13726
13739
13711
13649
13656
13658
13676


817318104 15 1
27592
29427
29528
28966
29425
29451
29449
27612
29441
28965
29530
28961
27264
27276
29581
27940
28834
28948
29436
27285
27606
29590
27333
27734
27620
29589
27601
28831
29577
29593
29572

808964808 15 2
11621
15458
15463
14202
15469
11656
11662
11603
11610
15470
7612
7610
11824
11823
8670
11492
11524
11531
14882
8590
8599
8501
8650
11827
8644
11532
11528
8602
8605
8609
8601

808447104 15 3
14197
7617
7586
7613
7607
7615
7587
7608
7616
7618
7609
7605
11451
11459
11845
11825
11848
11494
11821
11822
11495
11498
11454
11849
11826
11846
11491
11493
8667
8668
8669

808971766 15 4
14187
14231
14228
14223
14227
14255
14156
14226
14112
14232
14111
14127
9599
9597
14938
14937
9585
14936
9586
9596
9581
14940
14939
9574
9578
9575
9577
9582
9584
14935
9595

808451689 15 5
8110
8107
8108
8101
8113
8111
8112
8106
8120
8119
8102
8114
14932
14931
9572
9576
9573
12038
9600
9598
14933
14934
8059
15464
15461
15466
15465
15456
8156
15459
8146

808947003 15 6
15260
15243
15254
15251
12445
15258
12438
12444
12443
12442
15250
15249
14254
14256
14258
14234
14257
14230
14233
14237
14236
14235
13589
11947
13584
11955
11946
14222
14224
14229
14225

808998824 15 7
9175
9178
15457
15468
15462
15475
15467
15474
11616
15528
11743
9169
7500
7493
7495
7501
7490
7503
7486
7496
7485
7504
7491
7476
7475
7484
7474
7488
7473
7482
7498

808953659 15 8
7907
7906
7916
7913
7908
7911
7892
7902
7897
7896
7904
7900
7480
7497
7479
7492
7477
7502
7487
7478
7481
7483
7909
7915
7894
7914
7925
7910
7901
7905
7918

808976207 15 9
7583
7576
7584
7581
7577
7614
7579
7582
7578
7575
7573
7611
12140
12139
12162
12178
12177
12128
12172
12171
12138
12176
12135
12167
12168
12163
12145
12173
12148
12124
7499

808960502 15 10
11744
11661
11667
11704
11710
11715
11739
11709
11745
11727
11707
11708
9976
9974
10007
9973
9980
9999
9978
9979
9990
9983
10005
9984
10010
9971
9985
9977
12810
12809
7517

808971633 15 11
11166
11098
11069
11068
11128
11124
11048
11044
15146
11133
11045
11042
11740
11670
11668
11736
11726
11733
11738
12169
12170
12133
12143
12130
12144
12134
12166
12129
12161
12125
12123

808983860 15 12
11046
11047
11114
11118
11125
11127
11129
11043
11107
11041
11108
11112
9975
9972
10004
10002
10000
10001
10020
10008
10003
10014
10015
10009
9982
9981
11106
11161
11130
11123
11126

808455493 15 13
7930
7898
7912
7895
7917
7903
7899
7574
7580
7606
7893
7891
7509
7507
12799
7518
7510
7519
12798
12805
12800
7511
12802
12808
7520
7472
7471
14251
14253
14221
14252

808976293 15 14
11666
11702
11705
11731
11703
11734
11737
11735
11732
11669
11122
11701
13595
11969
13598
13582
13592
13590
13591
13587
13566
8696
11968
11962
11970
11966
13597
13568
11964
8697
8699

808956926 15 15
9290
9354
9287
9286
9337
9343
9347
9350
9345
9346
9339
9295
11717
11724
11760
11754
11759
11753
11719
11716
11711
11706
11755
11721
11750
11714
11725
11713
11720
11712
15414

808976252 15 16
9933
9936
9931
9945
9934
9939
9935
9940
9850
9932
9937
9938
15407
15382
15406
15386
15387
15378
15380
15374
15373
15415
15377
15375
8150
8058
15403
15404
15383
15381
15379

808971803 15 17
11911
11925
11918
11914
9537
9535
11913
11919
11912
11924
11917
11916
9536
11915
9531
11920
9540
9532
9533
9534
9530
9538
9526
9527
9525
9528
9539
9529
9523
9524
13580

808474373 15 18
13237
13241
13233
13234
13296
13297
13293
13302
13306
13246
13240
13243
9966
9968
9962
9993
10018
10012
14800
14794
10017
9964
9961
9963
10011
10019
14792
14793
14799
9991
9995


817620192 16 1
25277
24136
25269
24732
25272
22139
22133
25275
22017
24717
25274
25379
22512
20125
25423
22492
26614
26976
19708
21442
26979
25740
25420
25442
25422
20134
26218
26621
26969
25549
26624

817595425 16 2
22817
22816
25825
22821
25824
18646
18632
17299
22810
18644
17294
22175
28153
28152
28154
28136
27524
27519
27494
28157
25693
27517
28143
26196
27530
27525
26184
28487
26160
26268
28134

817606442 16 3
25372
25400
17247
25392
25377
17252
25389
25381
25373
25393
25380
25374
26220
26182
25683
26564
25676
25459
25453
26566
26248
25440
26567
26266
26554
25695
25461
26211
26571
26185
26523

817612559 16 4
25291
25279
22305
22224
25383
25280
25278
22285
25267
22148
17243
25304
22497
20150
25435
22502
25411
20141
20145
25409
25431
20123
25403
20144
20140
25410
25448
20151
20146
25443
25407

817565173 16 5
25288
25287
25253
25271
25265
25285
25268
25252
25266
25255
25262
25256
27502
27526
26258
28209
28216
25688
26173
25681
28629
25684
28195
25697
26267
28201
25692
25696
28194
28193
26172

817620193 16 6
25385
25397
25375
17244
25384
24138
17248
25273
17254
17245
17271
25281
25418
25406
25421
26549
26561
26544
26545
26512
25402
26569
25609
25413
25416
25456
25405
25424
25412
26551
25430

817597212 16 7
22820
22815
22792
18647
17273
18637
22811
17284
18640
25823
25829
18645
26264
25701
28215
28484
26249
26247
26242
26178
26187
25678
28212
26157
26261
26263
26195
26244
26199
26167
26224

817606460 16 8
22288
22311
22293
25294
25303
22309
25292
25310
25293
25299
25286
22284
26270
26262
26251
25673
25426
25415
26524
27094
26550
26560
28221
25419
26548
25438
26553
26570
25429
26563
26513

817583890 16 9
22289
22303
22282
25298
25305
22302
25290
22295
25339
25295
25301
25308
27004
28140
28142
26210
26591
26590
20428
26208
19686
28138
28137
28192
26281
21447
27535
20521
24172
26584
28273

817309199 16 10
27565
29453
27571
29457
29526
27576
29519
27584
27562
28058
27967
27579
22516
19721
21698
22519
19750
21633
21700
22500
21701
22514
19759
22496
19720
21704
22507
21710
22509
22501
22503

817569719 16 11
19803
19808
20119
20114
20135
19802
20106
20118
19761
19732
19758
20124
21705
21762
21696
19733
19809
19792
19797
19755
24295
24237
21646
24320
19794
19756
24315
19748
19799
24234
19804

817616430 16 12
17256
17249
17251
25378
25376
17250
25297
17246
25386
25300
25302
17253
26254
26193
26200
26175
25460
26546
26188
25691
26243
28199
26162
26163
26245
26259
26260
26176
25690
26253
26246

817595373 16 13
19812
19813
19793
20129
20121
19814
20142
20110
20112
20147
20148
19807
19702
19712
26627
22495
22506
22504
19703
21683
22511
21711
21694
21693
21703
22510
19729
22520
22505
19707
22494

817565769 16 14
24310
19795
19735
19744
24306
24245
19757
19819
19742
24300
19743
24311
21629
19740
21645
24301
21627
21636
21695
21697
19752
19754
21708
21626
19747
21638
22377
21630
19737
21634
24305

817616429 16 15
22308
22299
17268
17266
17264
22306
24139
22292
17260
24127
22300
22296
26971
26236
26229
26612
26237
26240
26235
26239
26611
26620
26222
22521
19715
26212
26616
26618
19731
19719
26217

817595428 16 16
25289
25306
25283
25259
25263
25296
25822
25261
25276
22813
18649
25284
25686
28196
25672
26186
25699
28197
28205
26209
26255
26206
25698
26201
26190
26228
25694
26256
26203
26189
25680

817597230 16 17
19798
19818
20113
20137
20117
17289
20149
18638
20131
20126
19817
22066
25550
26556
26771
20066
26140
26951
26847
28271
22412
25002
26659
26130
25543
21743
24174
26848
25542
26643
25474

817565754 16 18
25258
22132
25257
25282
25260
22307
25307
22310
25270
25254
25264
25311
27521
26257
25675
28200
26271
26252
26191
25685
25700
28204
25679
26234
25689
26233
26221
25677
26183
26198
25687


808437870 19 1
2580
2576
2566
8996
2976
2978
2972
10886
1607
10882
2526
2529
5858
5864
5861
5862
2380
5853
4393
4404
4409
953
4402
2971
10617
2980
2981
5885
4392
5375
5398

808991979 19 2
2985
10877
1597
1603
1610
1591
2574
1601
2987
2979
1595
1609
5399
5908
4385
4386
4408
5886
4406
5894
4390
4399
5903
5896
4407
2977
10618
5898
5899
10888
10883

809524437 19 3
5218
3510
3509
3261
3957
3960
3954
3267
3949
3939
3941
1605
2989
10878
10881
10890
10889
10885
8997
9000
10876
5203
5201
5202
5212
5213
5207
3506
10887
3503
5217

808998707 19 4
15837
15845
15853
15834
16007
15840
15717
15839
15690
15733
15906
15911
15846
15836
15901
15859
15883
15904
15736
15844
15893
15848
15964
15857
15847
15856
15674
15912
15709
15852
15907

809007638 19 5
2984
4382
4391
3695
954
3697
3693
3716
1142
10620
1141
1242
2533
3951
5196
5197
3505
5910
5204
5214
3502
5215
5287
5209
3508
3507
5901
5909
5884
5890
5897

808966284 19 6
5907
5904
5902
5891
5882
5881
5392
5905
5892
5889
970
5900
1241
1250
1244
1248
1253
1247
1255
1245
1246
1256
1249
1243
5906
4383
4403
4396
4397
2998
10619

808977515 19 7
15003
15005
15019
15025
15024
15022
15027
15034
15001
15006
15028
15012
13063
13065
13052
13106
13197
13174
13175
13064
13171
13108
13060
15035
15011
15029
15020
15018
15030
15021
15009

808987075 19 8
15026
15010
15013
15007
15015
15004
15023
15014
15016
15017
13972
13980
13058
13051
13198
13059
13057
13196
13177
13172
13176
13056
13054
13053
13185
13107
13178
13179
13101
13180
13055

808982042 19 9
12079
12073
12071
12067
12081
12072
12069
12068
12077
12082
12078
12075
9616
9623
9620
9613
9612
9624
9625
8246
9605
9619
9629
9691
12110
12108
9626
9621
9628
9627
9614

808961396 19 10
12109
8594
12111
12112
12113
8588
12100
12106
12101
12103
12107
12114
9602
9603
9606
9611
9610
9607
9604
9615
9601
9622
13105
13088
13098
13093
13091
13092
9608
9630
9609

808982571 19 11
11877
11870
11867
11879
11863
11874
12064
11872
12080
12070
12074
12076
13971
13973
13976
13876
13979
13974
13802
13806
9039
9035
9033
9040
9036
9045
9031
9044
13978
9050
13801

808443728 19 12
11880
12061
11876
11859
11864
11855
11871
11873
12063
11875
11856
11860
13977
9043
13807
9034
9032
9038
9037
9041
9042
11865
12065
12062
11878
12066
11869
11861
11857
11858
11862

808998502 19 13
13027
13085
13084
13090
13021
13022
13110
13099
13104
13100
13024
13026
13123
13076
13115
13113
8396
13137
13130
13131
13134
13118
13122
13116
11851
11854
11852
11853
12026
12025
13112

808447081 19 14
8500
8491
13037
13038
8499
13040
13039
13156
13158
13164
13167
13169
13128
13136
13140
13135
13138
13139
13114
13120
13121
13111
13126
13133
13125
13119
13129
13127
13132
9926
9875

808489105 19 15
11888
11886
11897
11887
12022
11891
15084
11884
11885
11896
11894
11890
9914
9910
9909
9928
9925
9921
9922
9874
9918
9913
9871
9880
9929
9924
9901
9930
9912
9906
9911

808964895 19 16
11893
11882
11881
12021
12019
12020
12024
12023
12027
12028
12029
12030
9920
9917
9916
9907
9908
9915
9923
9927
9919
11544
11539
11546
11543
11538
11541
11537
11549
11547
11542

808982006 19 17
8288
9721
8290
9728
8287
8286
9732
9733
9740
9735
9736
9727
11550
11540
8587
11545
8593
8597
11548
8598
11866
11868
8589
8591
8584
8585
8582
8595
8596
8592
8581

809548797 19 18
13102
13089
13103
13097
13083
13082
13081
13094
13096
13023
13028
13087
8583
8285
8283
9723
8282
8284
9729
8281
9725
9731
8295
9726
9722
9734
9738
8289
9737
9739
9745


808491794 20 1
21370
21371
21364
18356
18361
21363
18365
21361
18378
18370
18334
21354
23808
28715
28385
23802
28729
28726
28725
28380
28721
28716
28375
28719
28381
28387
28730
28724
28720
28709
28731

808469556 20 2
21352
18323
21358
20701
19930
21378
19928
20708
19919
19924
20692
20695
24236
20073
24252
26075
29640
24244
20079
20504
22458
20489
24249
29634
24994
20104
22361
29654
20510
24993
28370

808972687 20 3
21359
18371
18369
18348
21375
21365
20055
21380
18354
18360
20038
18377
23838
29170
22644
23827
29121
23822
28758
23932
23833
29154
28740
23837
29153
23785
23868
29118
23829
22637
23828

806465110 20 4
21658
21668
21679
19936
20041
20032
19849
20040
20037
21673
19923
21660
23801
23807
28723
28679
28689
23805
28727
23806
23800
23803
28717
29168
23809
23810
23811
28746
23804
23799
28711

808979069 20 5
21357
21377
21353
19920
19934
21368
19922
20711
19915
20697
20709
20721
22982
22984
21687
22983
22998
22979
22975
24189
22980
22987
21702
22988
22978
24149
22974
22994
22973
22977
22986

808987108 20 6
20046
20356
19832
20693
19843
20047
19822
20353
19835
20358
20357
20057
20333
20354
24319
19830
20338
20036
24187
24201
20059
20349
20167
19851
21689
21690
20172
20035
19827
19837
20058

808490690 20 7
20352
19841
19829
19844
18315
18316
20054
20347
20043
20346
19839
19838
21642
20163
21685
21602
21691
20152
21625
24199
21706
24191
20153
21648
21647
21686
21688
21709
21692
21624
21684

808958923 20 8
21394
21044
21042
21395
21047
21045
21389
21391
21037
21396
19998
19983
23896
23927
23832
22997
22989
23001
22985
29119
23897
22993
29120
22991
22969
29117
22990
23888
22992
22981
23898

808991960 20 9
19975
20413
19980
19974
19977
19981
19987
20409
19988
19840
19978
19992
28374
28330
28332
28331
28373
28378
29649
29647
28335
28337
29641
28379
29653
29657
29658
28338
28339
28329
28392

808437092 20 10
21402
21051
21405
21034
21048
21399
21409
21032
21410
21040
21030
19875
22383
21360
21355
28211
27503
24242
21362
18324
24239
28218
21379
26665
18379
18375
21376
28158
24235
27523
27549

808956870 20 11
18202
18230
18225
18224
18221
18216
18217
21382
18204
18203
18223
18205
20961
26516
26537
20074
24294
20174
26514
26533
20170
26528
26517
24176
26531
26522
26529
21759
26520
26534
21621

808974726 20 12
21406
21400
21411
21033
21397
21401
21046
21386
21393
19990
19989
21385
20485
20505
20941
22378
22362
22437
20484
20434
24247
22448
24180
24257
20494
20499
20490
20486
20501
24246
20500

809538769 20 13
19985
21387
21404
21043
19979
19984
21383
20412
19991
20000
20001
19972
24225
24215
24179
24185
20115
24975
21454
20094
20956
20102
21614
20948
20159
21580
19746
21792
21593
21611
21616

809548794 20 14
21334
21049
21388
21403
20657
21332
21038
21340
20637
21330
19856
20029
26519
26515
26543
26527
26538
26530
26532
26518
26552
26539
26536
26526
26525
26540
26541
26521
26535
26542
26547

806463047 20 15
20636
20648
20030
21323
20011
20649
21345
21390
20651
21328
20653
21329
27510
28145
28155
28206
26713
27508
27515
27518
27158
26672
27509
27505
27531
28198
28132
27516
27527
28139
27169

808956797 20 16
21346
21322
21344
20647
21341
20020
20655
21013
20635
20644
21333
20014
21669
21662
21670
21671
21675
20045
20056
21663
20044
21655
21656
20034
20051
20050
21667
21666
20039
20060
21677

808981913 20 17
19858
19874
21392
21041
21407
19872
21384
19852
21024
21398
21408
21028
20396
20406
19824
20421
20392
20400
20401
19842
24903
20399
19826
20397
20042
20049
24915
24913
20410
20393
20420

808979692 20 18
19973
19995
19986
19993
19976
19997
19982
19994
20402
19999
19996
20398
20417
20404
20411
20405
21366
20395
20415
20418
20394
20408
20419
20407
24911
20403
20416
21372
24920
20414
20716


819006535 21 1
554
557
532
556
549
533
545
50
48
268
550
273
400
529
531
527
547
530
395
563
544
560
543
540
569
539
552
548
555
553
45

816919163 21 2
21681
20320
20325
20322
20632
20640
20316
20646
20260
21676
20324
20323
20026
20012
20015
20010
20007
20031
20292
20003
20019
20024
18275
20027
20004
20002
20006
20016
20025
20028
20005

817333853 21 3
28046
27626
27636
27803
28071
27651
27590
27643
27627
27647
27690
27640
27785
27795
27766
28044
28061
27638
28054
27787
27208
28910
27225
27995
27249
27229
27374
27684
27773
28907
27783

817801282 21 4
218
207
204
213
210
219
377
108
209
205
128
217
355
252
468
354
373
459
366
360
9
201
212
367
384
462
165
249
358
460
339

816964122 21 5
20643
21661
20642
20634
20638
20652
20639
20656
20641
20633
20645
20658
19929
19927
20384
20699
19933
19939
19937
20367
18278
19917
20369
20310
18277
21304
18267
18274
18282
20309
18283

808976351 21 6
28977
28941
28967
29417
29454
28987
27831
28982
27686
29585
27695
28939
29421
28992
28920
28921
28918
28968
28972
28983
27724
28981
28994
28976
28979
28963
28973
28975
28984
28916
28998

817804228 21 7
335
168
248
337
352
347
345
484
61
362
485
369
176
170
478
192
183
175
489
455
494
173
491
191
153
493
473
182
356
487
178

816929914 21 8
20331
20321
20313
20318
20251
20329
20326
20328
20327
20264
20330
20319
18380
18364
18338
18376
18374
18367
18352
18342
18363
18362
18331
18359
18322
18337
18355
18314
18353
18366
18381

817302383 21 9
29452
27644
27622
29514
29388
28063
27807
27623
27586
27981
27580
27973
28940
27207
27228
28936
28060
27687
27248
27631
28059
27641
27247
28878
28068
27569
28049
27639
27376
27259
28913

817802374 21 10
6964
6969
6979
6963
6968
6974
6984
5003
4998
4996
4997
5005
5000
6989
4994
4993
6990
6985
6980
6970
6975
4987
7240
4992
7239
7236
7237
7238
4340
4336
6440

816919151 21 11
20290
20286
21297
18271
18276
20285
18286
20311
18270
18263
18268
20303
21419
20978
20971
21313
21433
21318
20990
20970
21296
21309
20976
21312
20968
20975
20984
21308
21319
21314
21310

816929999 21 12
27930
27947
29461
28062
28064
27983
27581
27941
27573
28065
27642
27657
27676
29583
29430
27268
28840
27814
27927
27694
27923
29473
27281
27269
27350
27710
29471
27271
27697
29460
27577

817802231 21 13
4348
6448
4331
4345
6449
1741
6446
4332
4344
6450
6444
5608
4329
6437
6445
6443
6441
4338
4342
4350
6442
5610
4337
6195
4349
6447
5605
774
766
6943
5482

816930809 21 14
19971
19945
19943
20680
20673
19966
20677
20678
20675
19946
20690
20662
24865
19859
20275
24877
21295
20278
20284
24886
20683
24883
20291
20684
20663
20682
19953
20688
20667
20689
20665

816919154 21 15
27884
27791
27260
27781
27763
27236
28042
27881
27365
27844
27255
27752
27242
27698
27858
28020
27283
27711
27364
27681
27587
27910
27912
27628
27258
27701
27250
28021
27241
27289
27234

819047388 21 16
5098
5081
5083
6954
5100
5097
5093
5082
5607
5099
5088
5076
6960
5606
6955
6959
5078
5087
5091
5073
6957
5085
5086
5089
5471
6453
5463
7081
6469
5472
7082

816978576 21 17
24910
24901
24917
24906
24893
24892
24895
20985
20991
24898
24907
20974
24921
20297
20273
24914
20302
20288
20294
20277
20279
21299
20301
24919
20274
20287
21298
20276
21292
20300
24904

816943531 21 18
27567
29518
27683
27575
27865
28051
27800
29517
27782
28053
27866
29462
29387
29571
27812
29516
29588
29456
27360
29365
28043
29375
27962
29512
27708
28898
29582
27706
27739
29367
29579


808982550 22 1
5586
6483
5069
6181
4617
4611
6186
4615
4594
4598
3321
4603
1443
1456
1466
6183
6185
7019
6319
4352
7003
1454
1453
7018
1447
6421
5594
6425
6424
4600
5062

809006175 22 2
7029
7030
1804
1409
1815
1219
5177
2544
2547
2522
1217
6177
4601
6485
5092
4593
4605
4604
5067
5063
4606
4607
4597
6182
4610
4612
6187
7028
1410
7023
1406

808964845 22 3
4704
4703
3412
4705
6976
4698
1817
4701
7204
7205
7201
7206
3413
6407
1324
1339
1342
1322
1346
6196
4584
4572
1494
1328
1490
6416
6193
4585
4567
1344
7207

808960476 22 4
3420
4568
6198
3417
6189
6415
3395
3416
6368
4571
6406
6438
6367
3415
4707
3418
6981
6982
1368
6361
6972
4307
4302
3090
7366
7367
3063
3064
3080
6131
3088

808978561 22 5
12208
10140
12164
10047
12292
14262
12165
12174
10048
12261
10085
12267
14720
14709
15525
14719
14708
14717
10810
10802
14721
14712
10730
10804
10716
10724
10737
10723
14713
14715
10728

808991947 22 6
1833
1844
4921
1515
6855
1340
1848
1847
7654
6856
1525
6843
2543
2542
6178
1225
6588
6581
2534
5190
6176
1209
6597
2541
2532
5181
1202
1207
1501
3439
1350

808987098 22 7
1363
7749
7753
4317
1355
1359
7757
6987
7756
1357
1497
1323
1855
6841
7773
6755
1510
6869
1856
1854
1852
7655
1834
1836
7656
7665
7657
1354
7758
6404
6412

808991967 22 8
6394
1332
1337
4566
6190
4577
1326
1329
6398
6983
6197
1321
1496
7208
4684
7210
6920
1498
4709
7203
4706
4702
4687
7764
1367
7755
3802
3798
2452
6199
4574

808987950 22 9
5984
11026
1916
5994
5972
5992
4470
4458
11039
5989
5997
5974
1334
4372
6988
6191
4587
6391
6370
6397
1901
1336
1909
6393
6192
4562
3361
1907
5991
5982
5973

808991955 22 10
10516
5995
5101
5113
5106
2427
6000
4812
2429
5112
10513
10511
5983
11035
1911
1915
11034
11036
5980
5990
5979
4444
1912
11032
5993
4839
5999
5102
5114
5116
5118

809503407 22 11
7432
6891
6892
4152
4160
6883
6889
6890
6885
4149
6884
6881
6886
6888
7356
7357
7358
7360
7355
1671
1674
1676
1651
1666
1668
1672
1673
1661
1667
1662
1663

809526122 22 12
4108
870
7430
1691
7429
4159
869
4079
4078
861
866
4072
4834
5996
5121
2421
10518
2426
5126
5117
5977
5975
10512
5111
5978
5986
863
7427
864
865
867

808950076 22 13
862
7431
7440
868
7437
7438
1670
4137
1652
6056
7436
7428
940
1664
1660
1656
1665
1669
10517
1659
5122
1658
1655
1654
6053
10520
5123
2428
5103
10519
6893

808982608 22 14
6887
4148
6899
4151
4147
4153
4154
4146
6895
7354
7352
4155
7364
7368
7373
10994
10993
3030
7363
7361
7374
7369
10992
4823
1191
1190
1192
4810
1200
1193
1188

808430346 22 15
4143
4150
1706
1702
1696
1697
1698
5545
1703
5543
1694
1689
1189
1196
1197
1184
1199
1194
1177
1195
1185
1187
1181
2381
1176
2382
2389
2386
2383
2378
2379

808469399 22 16
1700
1699
1685
1701
5542
1695
1686
1684
1692
5546
5541
5550
2387
2388
2390
1869
1885
1876
4816
4821
1882
1877
2620
4825
4817
1873
7322
1867
7321
4829
1890

808984598 22 17
5547
1683
1640
1690
1682
5432
5456
5444
5436
5437
7365
7359
1871
7326
1872
4828
1889
1880
1883
1861
3933
7327
1884
1888
1879
4824
5156
5141
5154
5147
5152

808977112 22 18
6602
875
871
7370
10995
7371
7380
7379
7362
7378
3025
10991
5160
5146
5373
5142
5374
5158
5145
5376
5385
5383
5149
5372
5144
5381
5151
5157
5390
5148
5377


808986392 23 1
15532
15531
15515
14758
14767
15489
14761
15481
10773
10771
14773
15491
15436
10718
7919
15439
15441
10717
7924
15433
10713
10736
7935
15432
15442
15431
15427
15438
10712
10711
15435

808979072 23 2
12283
12290
12215
15365
15362
12224
15361
12223
12287
12300
12296
12222
9666
13779
9689
9715
9671
13766
9676
9679
13778
13790
9658
9706
9672
9683
9675
9707
13799
13795
9719

808953666 23 3
11575
11577
11576
11571
11567
11764
11572
11574
11566
11563
11568
11578
14524
14033
14523
14577
14578
14035
14576
14525
14025
14029
14572
14557
14569
14562
14556
14558
14580
14575
14552

808957390 23 4
14022
14016
14034
14019
14011
14018
14070
14068
14017
14066
14013
14020
14063
9718
14062
14061
14026
9716
14030
14012
9656
9711
14024
14015
14067
14069
14021
14064
14023
9657
14014

809538793 23 5
6817
6818
4661
6830
5283
3564
4680
6820
4670
4676
10678
4666
3991
6142
3993
6148
6146
6133
6147
6141
6134
4002
6144
6136
6143
4001
2351
6135
4003
2356
7372

808978706 23 6
15385
14644
15389
15399
15394
15390
15392
15367
15391
15397
15396
14643
15490
14772
15485
15534
15527
10772
14750
15486
14766
14779
14778
15535
15533
15537
15540
15538
15526
14745
15539

808967695 23 7
7847
13847
13848
13915
13917
13833
13918
14003
13832
14028
13899
13845
12289
15363
15366
12284
12298
15369
15402
12288
14642
15368
15401
12291
12294
12295
12221
12293
12299
15370
12286

808485247 23 8
10375
11202
11199
14560
14570
11191
14559
10352
13328
10325
13332
10379
9151
12214
12285
10055
10066
12211
12219
12218
12212
12216
12220
14707
13843
10059
10061
14711
12217
12213
14714

808959563 23 9
9714
9720
9717
9712
9685
9713
9674
9701
9684
9673
9678
9680
15488
15494
15495
15398
15482
15536
15483
15493
15420
15500
15487
15395
15400
13837
15393
15388
15492
15484
15364

808987789 23 10
13749
13754
13753
13787
13784
13750
13791
13758
13776
13786
13781
13762
13782
14545
13780
13759
10696
10682
13788
13785
10681
10697
13789
13757
13777
13783
13755
13748
12658
14550
13761

808476713 23 11
15437
15443
15440
14547
14640
15426
7810
15444
7801
15434
7816
7824
10790
10783
15449
15445
10778
15447
15450
9179
15448
10777
10798
10797
11761
11573
11569
10796
15446
10784
10779

806460914 23 12
14548
10803
10738
10721
10805
15520
11883
10729
12475
10801
10725
10722
14839
11431
14757
14843
11815
14825
14755
14748
14827
14823
14829
14756
14746
14760
14753
14751
11819
14848
14752

808966047 23 13
7805
7842
7840
11456
11828
7844
11847
7850
11460
7837
7855
7841
14248
14238
14243
12154
14246
14245
14271
14260
14240
14250
14244
12153
12157
14259
14266
14265
14242
12151
12158

808981223 23 14
14775
14754
14768
14847
11432
14749
14849
14759
14844
14780
14747
14774
6434
5584
5074
5080
5595
6426
5593
6423
5582
5601
5591
6422
5599
5071
6430
5600
6435
5596
5587

808958239 23 15
14561
14568
14553
14563
14565
14564
14579
14573
14566
14574
14571
14567
12175
8869
12205
10139
772
12297
14269
12238
8819
8817
14270
14272
8870
12152
12239
14261
14268
14263
14249

808994616 23 16
7646
770
771
773
7856
5485
778
769
779
777
7649
753
7648
5631
7859
756
7643
5616
765
5637
5621
7645
6947
5473
4956
6935
5638
7647
7644
5632
5639

808976340 23 17
10776
14274
10785
12159
14241
10780
12160
14264
12156
14267
14247
14273
7831
7845
7836
7852
7853
7858
7802
7839
7846
7851
7803
7848
7849
13834
7804
7860
7838
7854
7857

808474361 23 18
14239
6952
12155
6428
6427
5602
5592
5598
5603
5072
5597
5588
14027
13831
13840
13844
13895
13920
13908
13846
13913
13911
13919
13838
13849
14058
13839
13842
13912
13909
14052


808981131 24 1
10904
3216
831
10909
1257
10899
3224
10892
829
10910
3719
10897
5371
1881
1875
1870
1878
1874
10907
3223
10906
836
3212
1258
3234
10905
10901
3217
10902
1251
3230

806474791 24 2
5759
5758
5255
5760
5721
5706
5729
5726
5752
5711
5725
5753
5754
5714
5724
5723
5717
5727
5757
5713
5712
3103
5715
10632
3094
2041
10631
2052
3104
3285
2385

808991942 24 3
998
996
4798
4793
6553
2149
6552
1639
1638
1636
2008
1212
3303
6307
5567
5572
5570
1477
7117
7066
5578
7163
6293
6246
6284
6265
3324
7138
4209
1941
5330

808982538 24 4
995
994
991
993
1002
988
4357
981
1001
992
1004
4792
5333
2780
7435
6260
5556
5329
5339
5037
4249
5322
1942
5331
5328
1483
6324
7114
5327
3554
3556

808488845 24 5
1003
1009
1010
1005
4781
4799
4797
4791
4796
997
1554
1535
6252
4355
743
5334
1950
3566
5579
4252
1518
1560
10593
10604
10603
10591
1536
1509
10605
10597
5348

808991896 24 6
1528
1517
1511
1537
1512
1555
1521
1516
1508
1557
1541
5326
10592
1504
1559
10594
1299
10598
10596
1502
1298
2010
1308
820
2148
1553
1307
10602
10601
2009
10599

808477017 24 7
5370
5365
5366
5353
5360
4888
5367
5352
5368
5349
5350
5358
7405
7409
7393
2332
2338
2965
5346
5357
5347
2331
2970
2337
5362
4889
5363
5364
5351
5355
5369

808957044 24 8
2659
3926
4491
2773
2658
3557
7417
4084
4492
4487
7125
5041
2660
3920
2657
3916
4499
3919
3914
3912
2665
3915
2655
4500
3913
3918
4493
2656
4498
4488
3917

808981689 24 9
4879
4874
4863
4875
5343
4868
4783
4786
4773
4774
946
5936
7112
7132
7136
3310
7129
3320
5050
7116
3306
7113
5049
7121
3302
5344
4861
4871
4862
4876
3323

808961489 24 10
4869
3726
4878
4881
4873
5298
5299
5302
5300
5306
5303
1934
5940
5934
955
5933
5937
4778
4788
4794
4795
4782
5938
5931
5932
4772
4890
4885
4870
3721
5342

808447025 24 11
1549
4377
3435
1418
4234
4295
1524
1551
4259
3424
4228
4294
1932
5304
5292
2624
4579
2629
4578
4576
5059
2633
2628
2632
2637
2618
2631
2611
2623
2636
2615

808493106 24 12
7704
4300
6016
6017
6019
6026
6002
6027
6028
6003
2646
6020
2622
2617
2640
2621
2614
2626
2619
2616
2639
2630
2635
2613
1887
2625
983
1019
1012
1018
986

808982029 24 13
6029
6024
6012
6005
6013
6021
6004
898
7308
7300
7307
6087
1016
984
1007
999
5665
5662
2845
5669
5661
5658
5668
5652
5663
5655
5659
5667
5656
2843
2391

808981866 24 14
6072
7309
900
896
6064
6083
7313
6070
893
6081
6086
7310
5653
5664
2393
5654
2394
5670
937
7296
7303
789
3246
3260
3250
3251
782
938
7292
788
3252

808965415 24 15
4681
4202
1735
7247
6345
758
3421
4947
4693
4700
4682
6904
2718
4516
4517
3102
2720
3107
5809
2711
4524
3093
2045
3109
2715
4525
4523
3100
2908
4529
3108

808461197 24 16
6074
6080
6078
6558
6554
6568
6076
6068
7396
6565
6549
6065
3322
4586
4569
3316
5066
4561
5065
5060
5054
4580
7162
4573
4589
4582
1931
3551
3301
5064
2644

809000713 24 17
6063
6560
6551
6550
6085
6089
6546
6562
6555
6071
6075
6570
6023
6014
4575
7165
6010
6006
6022
6030
6025
1924
5307
3105
5296
5284
3561
1921
1925
5293
1922

808474578 24 18
6556
2134
897
6082
6066
6567
6542
1180
4801
1590
1173
4803
3570
5309
5301
5294
3569
4227
3436
4379
1943
1944
7653
1434
4210
7689
1949
1474
4304
5337
4223


817319004 25 1
40774
40778
40781
40772
40786
40780
40777
40779
40785
40784
40783
40782
40768
38448
40770
40767
40763
38444
40766
40771
38443
38449
40765
40775
40769
40764
40762
40773
38447
38442
40776

816919142 25 2
13546
14910
14909
14946
11404
11405
14890
14901
14902
14947
11403
11402
11182
11175
11177
11172
11167
11187
11185
11181
11190
11169
11170
11163
11164
11165
11183
11178
11179
11160
11155

817802219 25 3
214
121
343
107
206
101
216
208
122
211
129
215
110
117
106
203
225
228
116
202
10
348
200
100
375
370
199
11
103
109
220

816928405 25 4
29433
29444
29450
28925
28837
27596
27741
29447
29397
28871
27725
29426
28832
29434
28849
28880
28822
27618
28843
28838
29428
28833
28845
28842
29422
29432
28874
28861
28829
28850
28841

808959398 25 5
27275
27702
27329
27274
29580
27265
27290
28085
27270
29597
29587
28089
28084
27308
27911
27721
27347
28098
27262
27334
27322
29586
27346
28075
27343
28090
29573
27339
27341
27715
27325

819005766 25 6
413
418
482
430
429
419
427
417
425
435
424
422
148
195
166
140
137
167
185
174
190
177
376
392
187
164
198
483
188
181
492

816982250 25 7
27616
27604
29527
27599
29536
29523
29423
28866
29535
27833
27615
27611
27804
29393
29598
27851
28037
28015
27917
27832
27950
27894
27827
27921
27915
27578
29477
27960
28033
27836
27847

817335809 25 8
27280
27738
27666
28900
27670
27367
27373
28091
29472
29478
29474
28991
27688
27853
27998
27986
27852
28006
27994
27934
27757
27991
27897
27837
27864
27839
28010
27936
27984
27801
27943

817802210 25 9
3330
5010
6482
4613
7096
6508
6459
5009
4614
7085
4608
6502
236
281
391
74
240
232
46
394
73
39
41
246
564
546
43
247
152
251
136

816919071 25 10
27713
29400
28904
28026
27992
27729
27286
29401
28036
27245
27855
28917
27354
27218
29524
28889
29394
27224
27658
29520
27652
27211
27677
29408
27219
28896
27669
28909
27368
29378
28823

816919701 25 11
28953
28932
28928
28943
29000
29418
28862
28974
28978
28869
29414
28914
28000
27869
27778
27996
28824
28848
27797
27759
27774
27990
27841
27948
27932
27876
29570
29383
29380
27939
29389

819047967 25 12
7094
6501
6475
7086
7091
4609
6480
6460
6510
6499
6507
6490
6454
6465
4981
6498
6506
6505
7232
4982
6497
4618
7144
6509
4984
6965
7233
7235
7234
4985
7231

817342973 25 13
27874
29416
29384
27968
27813
27691
27238
27263
29525
29377
27945
27776
27256
28066
27846
27246
28013
27240
27375
27885
27693
27879
27900
27366
27887
27870
27868
27251
27883
27780
27239

816978588 25 14
29521
29538
27964
29532
29364
27802
28893
29363
29386
27798
27978
27826
28905
27362
27840
27712
29398
28902
27728
28934
29392
29403
28888
27744
29412
29395
27717
28009
27718
27727
27740

817802243 25 15
6932
6938
6942
6948
5474
5488
5478
6941
6951
5475
5481
5484
5096
5090
6956
5094
5084
6958
6939
6940
5095
6950
6945
6946
6934
5480
5483
5486
5487
6944
5476

817344240 25 16
27213
27685
27771
27372
27794
27792
27355
27750
27222
27380
27252
27203
27745
27317
27353
28076
27324
29591
28078
28093
28081
27966
27204
27315
27320
27892
27319
27316
27901
27305
28086

816985715 25 17
28881
28877
28926
28876
29396
28952
29429
28960
28875
28946
28092
29404
27703
27920
27896
28031
29424
28970
28964
27588
28853
28040
28962
27244
29399
27982
28951
29409
28938
27838
29467

819006150 25 18
5574
5571
5577
1749
1760
7624
7625
1750
7629
7630
1743
1744
7164
6335
6340
3319
7118
3304
3312
5575
5580
5573
5560
5569
5563
5562
5564
5576
5565
5566
5568


808958576 26 1
6467
3616
892
4622
4767
5034
1635
2271
6235
10971
3990
1705
2885
5434
3785
6829
4068
11038
1693
6057
1687
5987
5115
1577
5143
5259
6221
8259
2342
7324
3490

808961256 26 2
2005
2006
3032
3034
2003
3240
3036
2007
3035
4864
814
813
3044
3031
2004
812
3239
3052
3045
3037
3038
815
3231
3048
3055
3040
3039
2002
950
818
8280

816982323 26 3
15739
15734
15737
15955
15735
15756
15743
15760
15732
15750
15731
15738
15748
15754
16024
15744
15742
15944
16026
16022
15747
15755
15745
15757
16023
15951
15950
15753
15697
15746
15741

809503404 26 4
2527
1604
1596
1608
10879
10880
2988
2990
2973
10869
8998
10884
3728
3943
2531
793
1602
3940
2536
3953
3955
3268
2523
3935
3269
3946
2570
794
3959
2568
3956

808981087 26 5
15835
16008
15701
16014
15661
16032
16027
16010
16004
15662
15686
15696
15832
16017
16015
16031
16019
16021
15849
16029
16009
16018
16013
15831
15967
16012
16005
16020
16016
16011
16030

808467545 26 6
15963
15684
15889
15905
15663
15968
15908
15666
15888
15885
15851
15972
15897
15900
15970
15902
15680
15966
15665
15678
15688
15895
15671
15894
15896
15886
15675
15682
15965
15694
15672

808993088 26 7
2475
8321
8325
8328
8330
8275
8267
8311
8317
8312
8264
8268
8261
8329
8322
8256
8252
8262
8266
8323
8335
8326
8269
8251
8318
8316
8263
8327
8270
8257
8324

808972452 26 8
11050
11058
11060
11054
11055
11049
11051
11057
11059
11053
11056
11052
11067
11080
11061
11062
11063
11064
11066
11075
11076
11077
11078
11079
11065
11074
11073
11072
11071
11070
2539

808981194 26 9
12682
12754
12764
12679
12756
12683
12678
12681
12680
12731
12675
12736
11312
10238
12577
11311
9268
11313
12509
12582
10314
10143
12504
11316
12510
12508
12503
9253
10315
10306
9252

808454973 26 10
7039
2471
7266
2480
1919
13991
1105
4565
2473
2093
5948
7289
2467
824
7287
2481
1305
1303
7062
1315
5964
5184
1086
1908
6456
925
10629
3818
5786
3883
2931

808972464 26 11
15278
5716
6971
2831
2707
3481
989
3521
10961
3083
819
817
1017
1020
7377
816
6140
1011
1006
1014
3525
1112
8967
987
3829
3520
3061
14038
4710
3528
6150

808957385 26 12
927
1542
5070
1505
1681
3117
4358
3428
6688
10626
6685
3114
1037
3559
3362
3119
3238
6813
4201
6672
7659
1116
1237
3754
7225
8966
3889
7001
3488
4483
3766

808958392 26 13
3179
7183
3167
1617
2199
2198
3219
3218
3220
3192
3226
3227
5026
3243
2197
3214
3232
3235
12557
7184
4363
2194
3225
3236
1040
7180
2202
2204
3213
3233
1606

808974736 26 14
14000
1552
7017
4287
10646
6468
5957
6905
3512
6783
7253
6360
7219
3514
3118
1657
5499
4253
3513
10647
3120
3113
7221
6998
7661
6918
5947
3460
6110
3523
3112

808977563 26 15
9053
9047
9055
14031
13997
13996
14032
13983
13994
13998
13985
13999
13992
13981
13993
13990
13989
12642
13982
13988
12654
9046
13987
14036
12660
12651
12641
14005
12556
13995
12569

808967771 26 16
12924
15284
15277
12904
13516
15271
12927
15281
15276
12935
12926
12903
15290
13519
12923
12901
12918
12907
15285
12925
12916
12929
12930
12906
15272
12909
15282
12933
12934
12910
9059

808961445 26 17
15712
15676
15720
15710
15703
15664
16003
15683
15706
15838
15708
15711
16006
15673
15689
15669
15704
15670
15910
15668
15698
15705
15713
15715
15707
15702
15691
15699
16028
15714
16025

806476519 26 18
15960
15759
15947
15949
15842
15961
15679
15952
15969
15752
15685
15956
15884
15667
15909
15758
15948
15971
15695
15953
15946
15958
15903
15962
15957
15677
15945
15751
15943
15959
15954


809521474 27 1
1082
5949
5955
5959
2512
2520
2513
1083
1085
5953
5942
3277
830
10894
822
825
821
823
834
835
826
827
833
832
4832
4836
10895
10900
4838
3299
1106

809526090 27 2
1306
1310
1314
1300
945
1301
1087
3278
6033
6034
3279
3271
3178
1675
3833
3832
943
2579
2571
3825
1101
944
1598
2578
2778
2771
1600
3831
1317
6032
7422

809526102 27 3
1136
10933
10943
1132
10948
5818
2068
1131
5807
5815
10947
4915
10929
10949
10950
10927
10921
10926
1164
10938
1143
1139
1166
10925
1138
1137
10922
1163
1150
3698
10923

808981118 27 4
7342
4895
4897
4904
10655
2064
4892
2124
7341
2104
5814
5794
4914
3850
3841
1866
2128
4903
4911
7334
4506
10673
4905
7333
4507
4891
3847
4900
4902
4899
4896

808998966 27 5
1099
4833
3242
3253
4054
795
3292
4107
802
792
804
4065
3099
3095
3096
4912
2069
5820
5811
3106
4917
5798
5810
5791
4907
4916
5797
2067
5796
4918
4920

808971187 27 6
2131
8985
2137
8989
6566
8987
2136
2140
2139
2138
5384
2257
5803
5819
2063
2070
5816
5793
5804
3101
791
796
4059
4063
5521
1107
797
1581
4075
4058
5530

808454978 27 7
5388
2269
942
2275
2259
2258
2866
5916
2261
2875
2860
2851
5527
5529
4109
803
3945
3296
1109
8990
5913
5922
8978
5919
5918
8988
8977
8986
8976
8981
5912

808974923 27 8
3381
4083
3383
2556
3206
3386
2558
2559
6593
2546
3387
6596
2867
5927
5925
5914
5923
2260
2254
5382
5928
5387
5389
2279
3560
3553
10663
10658
10652
3552
10677

808981206 27 9
3928
1267
1269
4490
1263
10668
4485
1126
1270
3929
4476
4481
3555
1268
1271
1262
10656
10660
10676
10651
10675
10672
2027
5418
10674
4518
6720
4515
4514
2170
2025

808432824 27 10
2899
6719
2897
2015
2188
4522
4501
2896
6716
4512
5419
2895
2892
4520
6714
6715
5430
4513
2898
2891
6717
6718
2105
3848
7338
2103
2817
7323
2106
2126
2127

808455505 27 11
7330
7343
2797
7339
2820
2800
2129
3842
2109
3846
2112
2115
2818
7328
2107
3843
3845
7335
7344
7340
2792
5817
1153
1156
1165
5806
1157
1159
1161
1154
3541

808956995 27 12
2062
1144
949
1155
3091
5801
1151
3692
1148
5808
5795
1158
1145
1162
2065
1152
5802
1025
3635
5792
1147
1160
2595
3650
3660
2594
3654
2586
2805
2588
2589

809524445 27 13
2802
2599
1075
1071
2596
2593
2607
2591
2597
2816
2819
6124
2794
2796
2798
2803
3659
3655
2809
6616
6619
6623
5459
6626
5457
5455
6630
6628
5416
6617
6621

817318099 27 14
38451
38445
38450
38433
38434
38446
38432
38438
38441
38440
38439
38437
38429
38418
38430
38427
38421
38412
38426
38431
38413
38417
38425
38428
38424
38423
38422
38436
38419
38420
38435

809003775 27 15
3767
10662
1238
5845
1240
5837
5836
5838
1239
5831
5844
956
10941
1168
2295
2058
2310
10942
2181
2182
2309
1167
10928
1135
2305
2308
2299
2292
2301
2021
1134

808489022 27 16
10657
1232
10665
10670
4542
10661
10664
4473
4544
4474
10659
10653
2028
2057
2184
2302
2303
2186
2307
2287
2183
2304
2189
1073
1863
2606
1076
7350
7337
2602
2804

808982706 27 17
4494
4545
4478
3924
3925
3930
4482
2442
1032
3795
3794
2446
5840
5833
5835
5829
5830
5839
3923
4477
3927
4484
5828
5826
3769
3758
3756
3768
3755
3763
4471

808961501 27 18
2436
1031
10612
2460
2448
1038
2450
2443
2457
10987
3641
2459
2609
2603
7332
2604
7325
7336
7348
7329
7345
3761
4480
4479
3765
5823
3774
3770
3762
3760
3757


806455816 28 1
5125
2241
4452
3111
10621
6729
1210
6836
3986
3158
1211
4180
10623
6595
5224
6355
5013
10622
2540
3171
1618
1218
5173
3162
6179
5187
3159
2243
2242
5127
5720

808980070 28 2
3979
3967
3978
3983
3662
3972
3675
3673
3663
10526
3667
10528
5671
1892
6216
6385
5491
2091
2789
695
1169
5311
5847
3871
4591
2745
6840
4650
4459
6834
5018

809004252 28 3
3686
3672
3060
3682
3676
10522
3671
10609
3687
10525
10524
3485
3668
3681
3679
3677
3664
10523
3678
2001
10608
10521
10530
3689
10529
10527
3690
9234
9198
9228
9227

808961667 28 4
6790
4731
7424
3378
7433
6786
1918
6046
3375
6873
3182
4835
3688
10872
2548
3666
3199
6793
4167
5856
4163
3194
1280
10607
1186
2528
4168
4093
2612
4049
2551

808964757 28 5
13984
12564
12643
12568
12653
12656
12657
12567
12566
12565
12652
12562
9236
9237
9202
8306
9240
9232
9197
9203
13968
9235
9226
8308
9210
9209
9201
13969
9185
9238
8307

808459160 28 6
10107
10097
8767
8773
10102
8762
10109
11095
15148
11085
8769
8779
12561
12559
12558
12563
13501
13502
13508
15288
15283
5781
4508
2108
2592
1029
1862
4893
2102
3961
2113

808988238 28 7
10216
11284
10225
10227
11374
11384
11381
10226
11395
11385
11371
7872
9051
13964
13956
13955
13960
13953
13958
13962
9057
13970
13951
12778
12820
12761
12766
12769
12776
12816
12768

808978582 28 8
12762
12821
11252
12774
12822
12763
12813
12780
12767
12818
12819
12817
12779
12823
12815
12814
12770
12775
12772
12773
12811
8272
14002
14001
12647
12655
12650
12646
12649
12648
12570

808997253 28 9
13965
9196
9239
9233
9206
9204
9208
13967
13959
13952
9052
13963
13518
12921
13507
13512
13506
13517
15147
15142
11092
11094
15149
11090
11082
11081
8768
11105
11089
11083
11103

808993592 28 10
4425
1421
6184
1455
6322
3866
7683
5075
6383
6320
5490
1465
7968
7966
7864
7874
10141
10224
11379
10229
7869
10223
11383
11380
11388
10230
7867
11375
11390
7974
11378

808947481 28 11
7971
7978
7865
8265
8279
8199
8334
8198
8197
8254
8260
8278
7698
4219
10625
3411
1347
6986
1404
12913
12912
11102
15141
15145
12917
12914
15150
15143
11104
15289
12928

808986771 28 12
6766
7068
6514
6847
1499
1493
6419
6863
7699
3414
3474
6411
8766
8774
8775
10096
10092
11087
11093
11086
10110
8761
10108
11088
11091
10098
10091
10100
10099
10217
10219

808993574 28 13
11285
7980
7875
7972
7862
11389
7979
7866
7863
7868
10218
7873
7973
7861
7970
8271
8340
8193
8338
8258
8195
8337
8331
8200
8276
7975
7961
8336
8191
8192
7969

808997240 28 14
13503
13524
15144
12911
13525
15287
13523
11101
12908
12902
12922
13520
7752
2498
6109
1444
4602
6117
5168
6168
6326
4697
6194
6853
1394
1390
3480
1364
1757
7728
6538

808468379 28 15
4629
6349
6007
2648
6358
4635
4640
5035
4634
5036
5032
4631
6579
6586
6585
6598
6589
6600
6575
6584
6160
4359
6574
6155
6153
6151
6159
6578
6152
6580
6158

817300799 28 16
37420
37424
37413
37149
37147
37426
37150
37417
37409
37423
37425
37414
37154
37273
37152
37156
37431
37263
37419
37430
37264
37259
37728
37560
37159
37577
37559
37564
37562
37568
37556

806460825 28 17
6819
6814
4678
4672
2647
2670
3905
3921
2642
3907
4628
6333
4106
4185
4654
934
696
687
4189
4091
7419
4660
7188
4031
4064
4056
6573
6157
6591
6592
6583

808985071 28 18
15891
15740
15749
15898
15899
15687
15843
15850
15718
15681
15716
15692
2031
2535
5219
2040
1704
5356
7145
3737
3504
3725
4886
5341
982
7410
1503
4496
3248
4570
2967


817284819 30 1
38984
38985
38983
38973
38974
38986
38972
38978
38981
38980
38979
38977
39328
39337
39346
39327
39332
39336
39343
39345
39338
39335
39344
39330
39340
39341
39339
39331
39333
39334
39329

817305565 30 2
39532
39540
39533
39551
39542
39539
39544
39538
39543
39537
39545
39546
39559
40788
39552
39560
39554
40791
39557
39548
40790
40789
39558
39549
39555
39547
39550
39561
39553
40787
39556

817289081 30 3
40747
40757
40752
39500
39501
40753
39498
40758
39499
39493
39492
39497
40792
40795
40794
40806
40793
39534
39536
40799
39535
40796
39541
40803
40797
40798
40805
40802
40801
40800
40804

817320285 30 4
38858
38843
38853
38863
38845
38869
38844
38864
38870
38854
38849
38859
42172
42180
42185
42173
42178
42175
42179
42186
42176
42181
40736
42191
42184
42183
42182
42190
42177
42174
42189

817317541 30 5
40734
40733
40735
40744
40742
40732
40739
40740
40743
40737
40738
40741
39487
39480
39478
39488
39482
39481
39485
39484
39479
39472
39486
39495
39489
39491
39490
39494
39483
39477
39496

817312172 30 6
37085
37157
37148
37313
37160
37429
37155
37427
37428
37143
37161
37134
37416
37410
37089
37090
37415
37412
37074
37073
37407
37418
37315
37101
37316
37084
37091
37087
37422
37421
37079

817303742 30 7
37538
37326
37312
37086
37317
37327
37318
37325
37322
37323
37319
37324
37138
37137
37139
37320
37145
37076
37158
37135
37140
37151
37153
37142
37146
37144
37132
37133
37081
37136
37141

808451481 30 8
8963
3803
959
2434
3807
4449
1895
2445
1894
3805
3806
3800
6540
3451
7038
6911
1738
3452
7035
7217
1740
3365
7776
6852
1488
7800
7780
7788
6862
7779
6991

817303685 30 9
40745
40751
40746
40754
40759
40750
40749
40755
40748
40760
40761
40756
40817
40816
40809
39475
40814
40811
40808
40813
40810
40820
40815
39476
40812
40819
40818
39474
40807
40821
39473

817295045 30 10
38908
38912
38909
38919
38921
38910
38920
38911
38916
38914
38915
38913
39032
39109
39107
39041
39028
39111
39102
39026
39104
39110
39108
39039
39033
39029
39034
39037
39025
39103
39040

817320316 30 11
39044
39038
39046
39030
39031
39045
39035
39027
39036
39024
39023
39022
39096
39091
40705
39082
39083
39086
40704
40706
39085
39084
40710
39095
40703
40711
40702
39094
39090
39089
39088

817293404 30 12
38976
38967
38975
38963
38962
38968
38965
38970
38964
38971
38966
38969
37535
37531
37532
37526
37536
37529
37524
37341
37534
37528
37527
37530
37340
37321
37523
37537
37522
37533
37525

817299473 30 13
39106
39097
39105
40708
40709
39098
39087
39100
39093
39101
39092
39099
40721
40729
40717
40714
40726
40723
40725
40720
40722
40730
40724
40716
40712
40731
40713
40707
40719
40718
40715

817319884 30 14
38855
38846
38850
40727
40728
38856
38866
38861
38871
38860
38865
38851
42150
42166
38857
42145
42151
42171
38862
38852
38868
42161
38867
42155
38842
38847
38848
42165
42146
42156
42160

817331186 30 15
42198
42199
42197
42188
42196
42200
42187
42201
42195
42194
42193
42192
42163
42170
42157
42168
42149
42169
42167
42152
42164
42154
42162
42153
42142
42147
42148
42143
42144
42159
42158

817297217 30 16
37268
37274
37269
37465
37254
37279
37096
37278
37475
37256
37469
37464
37099
36606
38903
37082
37088
36605
37075
38902
36609
38904
36611
36604
37098
37080
37100
37314
38905
38906
37078

817318910 30 17
36597
37097
36598
38907
36607
37083
37077
36603
37092
36602
37072
37095
38930
38928
39050
38926
38925
38927
39049
39051
38922
38923
39043
38931
39042
39048
39047
38918
38929
38924
38917

817287557 30 18
37569
37573
37572
37408
37565
37571
37567
37563
37555
37558
37578
37557
37468
37462
37467
37471
37579
37463
37470
37476
37581
37576
37575
37570
37093
37094
37574
37255
36608
36610
37466


809526109 32 1
397
524
27
28
30
31
26
65
25
36
33
393
34
288
285
286
257
259
44
292
311
309
310
305
291
303
313
261
38
306
307

808953148 32 2
314
287
315
408
318
300
299
320
290
297
308
260
448
466
29
447
49
481
437
32
453
440
514
298
35
37
421
454
450
470
441

808984603 32 3
4560
2889
1983
2890
1987
2884
5404
3744
5427
3743
1998
5405
2363
2362
4016
2883
4744
4241
4247
2343
2366
2360
4233
2353
2347
4017
4018
2341
4020
2361
5402

808981666 32 4
841
855
842
844
859
854
847
843
857
848
846
2763
3587
3588
11020
11014
2752
2749
2759
2754
2756
11013
2746
2760
11012
11017
2755
2758
11025
11011
2757

808969038 32 5
1564
1587
1565
1576
10934
1570
10932
1579
1129
1276
10945
10937
3626
2083
3629
3622
2073
3628
931
1984
3617
6661
5426
2082
2076
2085
2087
6675
2077
2567
2081

808984753 32 6
3126
3133
3140
3134
3131
3142
667
3144
4117
669
661
3132
5256
6219
6220
6225
5403
5412
5414
2359
2350
4011
2364
2355
2348
5409
5408
2368
2367
2346
5411

809538637 32 7
3572
3578
5735
6750
3188
3592
3190
6741
3121
3573
3579
6731
4747
8890
8885
1938
4749
4757
4750
7759
2873
7751
2880
4760
2878
7770
8900
2872
2877
1937
1352

808985061 32 8
6039
6047
6038
3287
3281
6042
3272
2995
3274
6048
3290
3280
4232
4256
1361
4231
1353
4248
4251
7761
7769
7742
4239
4236
4238
1356
7763
4237
7762
1362
4257

808994524 32 9
5732
8956
10575
3574
10584
8944
8948
8952
8947
8959
8941
8957
3733
4865
3749
3549
670
4120
4123
3727
4121
3748
4130
3736
4125
3735
3345
4124
4122
3738
4114

808489110 32 10
5264
5261
5270
5258
5751
5257
5267
5262
5741
5265
5269
5275
936
6667
10553
3264
3938
2373
5855
1566
1583
1586
10551
3932
1589
3263
5860
1561
1582
3262
3265

809538636 32 11
5742
5744
5260
5748
5268
5746
5747
5263
5743
5253
5750
5745
1127
4384
2996
3000
2991
952
5252
1122
4394
5393
5749
1128
1124
2994
4401
1130
5391
2997
2992

808969475 32 12
5241
5879
5237
5243
5246
5877
5244
5239
5250
5242
2372
5876
3596
5733
5734
10537
10547
10545
2078
6670
10555
10541
10580
10558
2072
10532
10533
10539
10536
10556
10552

808984591 32 13
2740
4118
3342
3340
2732
4115
2733
3351
2734
2751
11015
3339
6041
3288
6044
3282
5888
6040
6035
6036
5397
6037
3273
5883
3275
3283
5895
5887
6049
6045
6050

808986410 32 14
1580
1278
1588
1115
10936
1568
1121
10930
1261
5875
5874
1584
5425
5424
5423
1986
5401
2887
1985
5410
1997
4558
3609
5406
4559
2882
5407
1994
1999
5413
1982

808982611 32 15
10549
10535
10548
10550
10554
10534
2092
10557
10560
3567
10559
3542
1273
10944
1574
1578
8954
8960
5779
10939
10581
1585
5767
1140
7760
8958
10576
1351
7767
1274
8951

808987063 32 16
5738
3129
3583
3189
6742
3580
3186
6747
3127
3584
6743
6740
3746
3739
3742
3734
3722
10540
3745
3747
3724
3550
3723
3741
3740
2652
3731
3750
3729
3730
3732

808987064 32 17
14179
14215
14177
14204
14218
14186
14220
14213
14181
14189
14184
14200
849
4112
852
2767
2787
845
850
11019
2768
2786
2769
860
851
853
856
11018
2765
2766
2788

808984586 32 18
4113
3128
3348
4119
668
3571
3124
3135
3125
3341
4111
3122
2089
2075
2080
3625
4759
2876
1935
6668
1939
1995
6665
6663
8883
2088
2870
8902
3627
2090
3630

