1.200000000000000000e+01 1.800000000000000000e+01 8.064515840000000000e+08 1.000000000000000000e+00 1.380000000000000000e+02 7.863333333333337727e-01 1.082500000000000000e+04 0.000000000000000000e+00
1.200000000000000000e+01 1.800000000000000000e+01 8.064515840000000000e+08 2.000000000000000000e+00 1.440000000000000000e+02 7.760740740740743604e-01 1.081800000000000000e+04 0.000000000000000000e+00
1.200000000000000000e+01 1.800000000000000000e+01 8.064515840000000000e+08 2.000000000000000000e+00 1.470000000000000000e+02 8.516296296296295143e-01 1.081500000000000000e+04 0.000000000000000000e+00
1.200000000000000000e+01 1.800000000000000000e+01 8.064515840000000000e+08 2.000000000000000000e+00 1.050000000000000000e+02 6.418518518518520066e-01 1.077400000000000000e+04 0.000000000000000000e+00
1.200000000000000000e+01 1.800000000000000000e+01 8.064515840000000000e+08 2.000000000000000000e+00 1.290000000000000000e+02 6.750370370370371020e-01 1.081100000000000000e+04 0.000000000000000000e+00
1.200000000000000000e+01 1.800000000000000000e+01 8.064515840000000000e+08 2.000000000000000000e+00 1.550000000000000000e+02 7.727777777777780077e-01 1.077500000000000000e+04 0.000000000000000000e+00
1.200000000000000000e+01 1.800000000000000000e+01 8.064515840000000000e+08 2.000000000000000000e+00 1.380000000000000000e+02 7.734074074074073213e-01 1.082600000000000000e+04 0.000000000000000000e+00
1.200000000000000000e+01 1.800000000000000000e+01 8.064515840000000000e+08 3.000000000000000000e+00 1.440000000000000000e+02 7.644444444444444819e-01 1.081400000000000000e+04 0.000000000000000000e+00
1.200000000000000000e+01 1.800000000000000000e+01 8.064515840000000000e+08 3.000000000000000000e+00 1.780000000000000000e+02 9.779999999999999805e-01 1.080800000000000000e+04 0.000000000000000000e+00
1.200000000000000000e+01 1.800000000000000000e+01 8.064515840000000000e+08 3.000000000000000000e+00 1.560000000000000000e+02 9.038518518518516842e-01 1.078600000000000000e+04 0.000000000000000000e+00
1.200000000000000000e+01 1.800000000000000000e+01 8.064515840000000000e+08 3.000000000000000000e+00 1.600000000000000000e+02 8.001111111111113283e-01 1.083000000000000000e+04 0.000000000000000000e+00
1.200000000000000000e+01 1.800000000000000000e+01 8.064515840000000000e+08 3.000000000000000000e+00 1.850000000000000000e+02 8.450000000000000844e-01 1.082400000000000000e+04 0.000000000000000000e+00
1.200000000000000000e+01 1.800000000000000000e+01 8.064515840000000000e+08 3.000000000000000000e+00 2.010000000000000000e+02 8.894444444444445930e-01 1.081300000000000000e+04 0.000000000000000000e+00
1.200000000000000000e+01 1.800000000000000000e+01 8.064515840000000000e+08 4.000000000000000000e+00 1.670000000000000000e+02 8.698518518518518761e-01 1.081600000000000000e+04 0.000000000000000000e+00
1.200000000000000000e+01 1.800000000000000000e+01 8.064515840000000000e+08 4.000000000000000000e+00 1.800000000000000000e+02 7.759259259259259078e-01 1.078700000000000000e+04 0.000000000000000000e+00
1.200000000000000000e+01 1.800000000000000000e+01 8.064515840000000000e+08 4.000000000000000000e+00 1.700000000000000000e+02 8.793703703703706909e-01 1.082100000000000000e+04 0.000000000000000000e+00
1.200000000000000000e+01 1.800000000000000000e+01 8.064515840000000000e+08 4.000000000000000000e+00 2.450000000000000000e+02 9.225555555555554621e-01 1.080900000000000000e+04 0.000000000000000000e+00
1.200000000000000000e+01 1.800000000000000000e+01 8.064515840000000000e+08 4.000000000000000000e+00 2.110000000000000000e+02 7.121111111111106950e-01 1.082900000000000000e+04 0.000000000000000000e+00
1.200000000000000000e+01 1.800000000000000000e+01 8.064515840000000000e+08 4.000000000000000000e+00 2.230000000000000000e+02 8.535925925925925695e-01 1.082000000000000000e+04 0.000000000000000000e+00
1.200000000000000000e+01 1.800000000000000000e+01 8.064515840000000000e+08 5.000000000000000000e+00 2.350000000000000000e+02 6.345185185185184817e-01 1.385400000000000000e+04 0.000000000000000000e+00
1.200000000000000000e+01 1.800000000000000000e+01 8.064515840000000000e+08 5.000000000000000000e+00 2.710000000000000000e+02 6.822222222222222854e-01 1.380300000000000000e+04 0.000000000000000000e+00
1.200000000000000000e+01 1.800000000000000000e+01 8.064515840000000000e+08 5.000000000000000000e+00 2.790000000000000000e+02 7.111481481481480849e-01 1.385800000000000000e+04 0.000000000000000000e+00
1.200000000000000000e+01 1.800000000000000000e+01 8.064515840000000000e+08 5.000000000000000000e+00 2.230000000000000000e+02 5.688518518518516087e-01 1.081900000000000000e+04 0.000000000000000000e+00
1.200000000000000000e+01 1.800000000000000000e+01 8.064515840000000000e+08 5.000000000000000000e+00 2.340000000000000000e+02 7.044074074074073710e-01 1.080700000000000000e+04 0.000000000000000000e+00
1.200000000000000000e+01 1.800000000000000000e+01 8.064515840000000000e+08 5.000000000000000000e+00 2.130000000000000000e+02 6.786296296296298047e-01 1.081200000000000000e+04 0.000000000000000000e+00
1.200000000000000000e+01 1.800000000000000000e+01 8.064515840000000000e+08 6.000000000000000000e+00 3.320000000000000000e+02 7.561111111111105121e-01 1.385900000000000000e+04 0.000000000000000000e+00
1.200000000000000000e+01 1.800000000000000000e+01 8.064515840000000000e+08 6.000000000000000000e+00 2.670000000000000000e+02 6.072592592592592764e-01 1.385700000000000000e+04 0.000000000000000000e+00
1.200000000000000000e+01 1.800000000000000000e+01 8.064515840000000000e+08 6.000000000000000000e+00 2.770000000000000000e+02 6.751851851851853326e-01 1.080600000000000000e+04 0.000000000000000000e+00
1.200000000000000000e+01 1.800000000000000000e+01 8.064515840000000000e+08 6.000000000000000000e+00 2.730000000000000000e+02 7.348518518518519782e-01 1.078800000000000000e+04 0.000000000000000000e+00
1.200000000000000000e+01 1.800000000000000000e+01 8.064515840000000000e+08 6.000000000000000000e+00 2.410000000000000000e+02 5.885185185185185519e-01 1.082200000000000000e+04 0.000000000000000000e+00
1.200000000000000000e+01 1.800000000000000000e+01 8.064515840000000000e+08 6.000000000000000000e+00 2.810000000000000000e+02 7.802592592592590970e-01 1.081700000000000000e+04 0.000000000000000000e+00
