5.000000000000000000e+00 1.000000000000000000e+00 8.175971020000000000e+08 0.000000000000000000e+00 4.980000000000000000e+02 9.975999999999999313e-01 2.534440000000000146e+04 1.000000000000000000e+00
5.000000000000000000e+00 2.000000000000000000e+00 8.175971350000000000e+08 0.000000000000000000e+00 6.050000000000000000e+02 9.663999999999999257e-01 2.320440000000000146e+04 1.000000000000000000e+00
5.000000000000000000e+00 3.000000000000000000e+00 8.175818940000000000e+08 0.000000000000000000e+00 6.680000000000000000e+02 9.583999999999999186e-01 2.187620000000000073e+04 1.000000000000000000e+00
5.000000000000000000e+00 4.000000000000000000e+00 8.176081760000000000e+08 0.000000000000000000e+00 7.700000000000000000e+02 9.365999999999999881e-01 2.223179999999999927e+04 1.000000000000000000e+00
5.000000000000000000e+00 5.000000000000000000e+00 8.175971170000000000e+08 0.000000000000000000e+00 7.050000000000000000e+02 9.616000000000000103e-01 2.591100000000000000e+04 1.000000000000000000e+00
5.000000000000000000e+00 6.000000000000000000e+00 8.175657510000000000e+08 0.000000000000000000e+00 7.460000000000000000e+02 9.536000000000000032e-01 2.874340000000000146e+04 1.000000000000000000e+00
5.000000000000000000e+00 7.000000000000000000e+00 8.175697200000000000e+08 0.000000000000000000e+00 8.130000000000000000e+02 1.044399999999999995e+00 2.498820000000000073e+04 1.000000000000000000e+00
5.000000000000000000e+00 8.000000000000000000e+00 8.175971720000000000e+08 0.000000000000000000e+00 6.880000000000000000e+02 9.166000000000000814e-01 2.516740000000000146e+04 1.000000000000000000e+00
5.000000000000000000e+00 9.000000000000000000e+00 8.175892110000000000e+08 0.000000000000000000e+00 8.100000000000000000e+02 9.733999999999998209e-01 2.274259999999999854e+04 1.000000000000000000e+00
5.000000000000000000e+00 1.000000000000000000e+01 8.175954460000000000e+08 0.000000000000000000e+00 7.790000000000000000e+02 9.774000000000000465e-01 2.065979999999999927e+04 1.000000000000000000e+00
5.000000000000000000e+00 1.100000000000000000e+01 8.176188260000000000e+08 0.000000000000000000e+00 8.070000000000000000e+02 9.843999999999999417e-01 2.697900000000000000e+04 1.000000000000000000e+00
5.000000000000000000e+00 1.200000000000000000e+01 8.176071550000000000e+08 0.000000000000000000e+00 8.520000000000000000e+02 9.936000000000000387e-01 2.563600000000000000e+04 1.000000000000000000e+00
5.000000000000000000e+00 1.300000000000000000e+01 8.175954620000000000e+08 0.000000000000000000e+00 8.660000000000000000e+02 9.459999999999999520e-01 2.753240000000000146e+04 1.000000000000000000e+00
5.000000000000000000e+00 1.400000000000000000e+01 8.176071220000000000e+08 0.000000000000000000e+00 9.230000000000000000e+02 9.795999999999999153e-01 2.061020000000000073e+04 1.000000000000000000e+00
5.000000000000000000e+00 1.500000000000000000e+01 8.175692530000000000e+08 0.000000000000000000e+00 9.110000000000000000e+02 9.864000000000000545e-01 2.453120000000000073e+04 1.000000000000000000e+00
5.000000000000000000e+00 1.600000000000000000e+01 8.176080860000000000e+08 0.000000000000000000e+00 8.580000000000000000e+02 9.731999999999999540e-01 2.510859999999999854e+04 1.000000000000000000e+00
5.000000000000000000e+00 1.700000000000000000e+01 8.176081710000000000e+08 0.000000000000000000e+00 6.580000000000000000e+02 9.589999999999999636e-01 2.739720000000000073e+04 1.000000000000000000e+00
9.000000000000000000e+00 1.000000000000000000e+00 8.089926030000000000e+08 0.000000000000000000e+00 6.520000000000000000e+02 1.093599999999999905e+00 6.529399999999999636e+03 0.000000000000000000e+00
9.000000000000000000e+00 2.000000000000000000e+00 8.089749280000000000e+08 0.000000000000000000e+00 6.270000000000000000e+02 1.055800000000000072e+00 5.491000000000000000e+03 0.000000000000000000e+00
9.000000000000000000e+00 3.000000000000000000e+00 8.089954810000000000e+08 0.000000000000000000e+00 7.310000000000000000e+02 1.080200000000000049e+00 4.318800000000000182e+03 0.000000000000000000e+00
9.000000000000000000e+00 4.000000000000000000e+00 8.089662870000000000e+08 0.000000000000000000e+00 8.820000000000000000e+02 1.105399999999999938e+00 5.008199999999999818e+03 0.000000000000000000e+00
9.000000000000000000e+00 5.000000000000000000e+00 8.084675690000000000e+08 0.000000000000000000e+00 8.500000000000000000e+02 1.077800000000000091e+00 4.284800000000000182e+03 0.000000000000000000e+00
9.000000000000000000e+00 6.000000000000000000e+00 8.084300360000000000e+08 0.000000000000000000e+00 8.350000000000000000e+02 1.061199999999999921e+00 5.809000000000000000e+03 0.000000000000000000e+00
9.000000000000000000e+00 7.000000000000000000e+00 8.084305710000000000e+08 0.000000000000000000e+00 9.050000000000000000e+02 1.083599999999999897e+00 5.692000000000000000e+03 0.000000000000000000e+00
9.000000000000000000e+00 8.000000000000000000e+00 8.089964200000000000e+08 0.000000000000000000e+00 8.770000000000000000e+02 1.090599999999999792e+00 3.083199999999999818e+03 0.000000000000000000e+00
9.000000000000000000e+00 1.000000000000000000e+01 8.089659180000000000e+08 0.000000000000000000e+00 8.900000000000000000e+02 1.072200000000000042e+00 4.114800000000000182e+03 0.000000000000000000e+00
9.000000000000000000e+00 1.100000000000000000e+01 8.084470910000000000e+08 0.000000000000000000e+00 9.230000000000000000e+02 1.100400000000000045e+00 3.729400000000000091e+03 0.000000000000000000e+00
9.000000000000000000e+00 1.300000000000000000e+01 8.084683650000000000e+08 0.000000000000000000e+00 9.250000000000000000e+02 1.113399999999999945e+00 2.604400000000000091e+03 0.000000000000000000e+00
9.000000000000000000e+00 1.400000000000000000e+01 8.089871210000000000e+08 0.000000000000000000e+00 1.120000000000000000e+03 1.106000000000000094e+00 5.311000000000000000e+03 0.000000000000000000e+00
9.000000000000000000e+00 1.500000000000000000e+01 8.084742310000000000e+08 0.000000000000000000e+00 1.032000000000000000e+03 1.009199999999999875e+00 1.847400000000000091e+03 0.000000000000000000e+00
9.000000000000000000e+00 1.600000000000000000e+01 8.095032990000000000e+08 0.000000000000000000e+00 1.049000000000000000e+03 1.076200000000000268e+00 3.522599999999999909e+03 0.000000000000000000e+00
9.000000000000000000e+00 1.700000000000000000e+01 8.089725860000000000e+08 0.000000000000000000e+00 8.930000000000000000e+02 1.026599999999999957e+00 5.617000000000000000e+03 0.000000000000000000e+00
1.000000000000000000e+01 1.000000000000000000e+00 8.089842070000000000e+08 0.000000000000000000e+00 6.480000000000000000e+02 1.035200000000000120e+00 4.338000000000000000e+03 0.000000000000000000e+00
1.000000000000000000e+01 2.000000000000000000e+00 8.084742440000000000e+08 0.000000000000000000e+00 7.900000000000000000e+02 1.072400000000000020e+00 5.463399999999999636e+03 0.000000000000000000e+00
1.000000000000000000e+01 3.000000000000000000e+00 8.089594030000000000e+08 0.000000000000000000e+00 8.500000000000000000e+02 1.077799999999999869e+00 5.818199999999999818e+03 0.000000000000000000e+00
1.000000000000000000e+01 4.000000000000000000e+00 8.089643220000000000e+08 0.000000000000000000e+00 8.820000000000000000e+02 1.072800000000000198e+00 3.179400000000000091e+03 0.000000000000000000e+00
1.000000000000000000e+01 5.000000000000000000e+00 8.095388050000000000e+08 0.000000000000000000e+00 9.530000000000000000e+02 1.064599999999999991e+00 4.089800000000000182e+03 0.000000000000000000e+00
1.000000000000000000e+01 6.000000000000000000e+00 8.064688340000000000e+08 0.000000000000000000e+00 1.082000000000000000e+03 1.053999999999999826e+00 6.474399999999999636e+03 0.000000000000000000e+00
1.000000000000000000e+01 7.000000000000000000e+00 8.089649250000000000e+08 0.000000000000000000e+00 9.600000000000000000e+02 8.783999999999998476e-01 1.034039999999999964e+04 0.000000000000000000e+00
1.000000000000000000e+01 8.000000000000000000e+00 8.084742430000000000e+08 0.000000000000000000e+00 9.880000000000000000e+02 8.927999999999999270e-01 1.305360000000000036e+04 0.000000000000000000e+00
1.000000000000000000e+01 9.000000000000000000e+00 8.084470660000000000e+08 0.000000000000000000e+00 1.028000000000000000e+03 8.676000000000000378e-01 1.523239999999999964e+04 0.000000000000000000e+00
1.000000000000000000e+01 1.000000000000000000e+01 8.089786460000000000e+08 0.000000000000000000e+00 1.044000000000000000e+03 8.644000000000000572e-01 1.291900000000000000e+04 0.000000000000000000e+00
1.000000000000000000e+01 1.100000000000000000e+01 8.089847170000000000e+08 0.000000000000000000e+00 1.030000000000000000e+03 8.204000000000000181e-01 1.243260000000000036e+04 0.000000000000000000e+00
1.000000000000000000e+01 1.200000000000000000e+01 8.089846620000000000e+08 0.000000000000000000e+00 1.067000000000000000e+03 8.775999999999999357e-01 1.025320000000000073e+04 0.000000000000000000e+00
1.000000000000000000e+01 1.300000000000000000e+01 8.089499900000000000e+08 0.000000000000000000e+00 1.132000000000000000e+03 8.917999999999999261e-01 1.326779999999999927e+04 0.000000000000000000e+00
1.000000000000000000e+01 1.400000000000000000e+01 8.089813690000000000e+08 0.000000000000000000e+00 1.248000000000000000e+03 8.753999999999999559e-01 1.027120000000000073e+04 0.000000000000000000e+00
1.000000000000000000e+01 1.500000000000000000e+01 8.084746020000000000e+08 0.000000000000000000e+00 1.279000000000000000e+03 8.436000000000000165e-01 1.072900000000000000e+04 0.000000000000000000e+00
1.000000000000000000e+01 1.600000000000000000e+01 8.089770150000000000e+08 0.000000000000000000e+00 1.344000000000000000e+03 1.002800000000000136e+00 2.887199999999999818e+03 0.000000000000000000e+00
1.000000000000000000e+01 1.700000000000000000e+01 8.089617160000000000e+08 0.000000000000000000e+00 1.406000000000000000e+03 1.029400000000000093e+00 6.517800000000000182e+03 0.000000000000000000e+00
1.000000000000000000e+01 1.800000000000000000e+01 8.084804860000000000e+08 0.000000000000000000e+00 1.292000000000000000e+03 1.065199999999999925e+00 5.557399999999999636e+03 0.000000000000000000e+00
1.100000000000000000e+01 2.000000000000000000e+00 8.089857960000000000e+08 0.000000000000000000e+00 6.110000000000000000e+02 1.004199999999999982e+00 1.272539999999999964e+04 0.000000000000000000e+00
1.100000000000000000e+01 3.000000000000000000e+00 8.089649130000000000e+08 0.000000000000000000e+00 8.770000000000000000e+02 1.036000000000000032e+00 1.367500000000000000e+04 0.000000000000000000e+00
1.100000000000000000e+01 4.000000000000000000e+00 8.084470520000000000e+08 0.000000000000000000e+00 9.290000000000000000e+02 1.006199999999999983e+00 1.347960000000000036e+04 0.000000000000000000e+00
1.100000000000000000e+01 5.000000000000000000e+00 8.089739360000000000e+08 0.000000000000000000e+00 9.010000000000000000e+02 1.018199999999999772e+00 9.495000000000000000e+03 0.000000000000000000e+00
1.100000000000000000e+01 6.000000000000000000e+00 8.089603300000000000e+08 0.000000000000000000e+00 9.750000000000000000e+02 1.031599999999999850e+00 1.356939999999999964e+04 0.000000000000000000e+00
1.100000000000000000e+01 7.000000000000000000e+00 8.089649320000000000e+08 0.000000000000000000e+00 9.840000000000000000e+02 1.032399999999999984e+00 9.283799999999999272e+03 0.000000000000000000e+00
1.100000000000000000e+01 8.000000000000000000e+00 8.089750100000000000e+08 0.000000000000000000e+00 1.011000000000000000e+03 1.057199999999999918e+00 4.136199999999999818e+03 0.000000000000000000e+00
1.100000000000000000e+01 9.000000000000000000e+00 8.089785570000000000e+08 0.000000000000000000e+00 7.430000000000000000e+02 9.326000000000000956e-01 1.215979999999999927e+04 0.000000000000000000e+00
1.100000000000000000e+01 1.100000000000000000e+01 8.089864220000000000e+08 0.000000000000000000e+00 9.380000000000000000e+02 1.053600000000000092e+00 1.148339999999999964e+04 0.000000000000000000e+00
1.100000000000000000e+01 1.200000000000000000e+01 8.095206520000000000e+08 0.000000000000000000e+00 9.100000000000000000e+02 9.963999999999998414e-01 5.502000000000000455e+02 0.000000000000000000e+00
1.100000000000000000e+01 1.400000000000000000e+01 8.089762060000000000e+08 0.000000000000000000e+00 1.029000000000000000e+03 1.070200000000000040e+00 9.468200000000000728e+03 0.000000000000000000e+00
1.100000000000000000e+01 1.500000000000000000e+01 8.084805250000000000e+08 0.000000000000000000e+00 1.254000000000000000e+03 1.076400000000000023e+00 6.386000000000000000e+03 0.000000000000000000e+00
1.100000000000000000e+01 1.600000000000000000e+01 8.089583220000000000e+08 0.000000000000000000e+00 1.226000000000000000e+03 9.970000000000001084e-01 1.593520000000000073e+04 0.000000000000000000e+00
1.100000000000000000e+01 1.700000000000000000e+01 8.084406910000000000e+08 0.000000000000000000e+00 1.231000000000000000e+03 1.028399999999999981e+00 1.318900000000000000e+04 0.000000000000000000e+00
1.100000000000000000e+01 1.800000000000000000e+01 8.089726050000000000e+08 0.000000000000000000e+00 1.221000000000000000e+03 1.064599999999999991e+00 9.733200000000000728e+03 0.000000000000000000e+00
1.200000000000000000e+01 1.000000000000000000e+00 8.095386600000000000e+08 0.000000000000000000e+00 4.690000000000000000e+02 8.516000000000000236e-01 5.768399999999999636e+03 0.000000000000000000e+00
1.200000000000000000e+01 2.000000000000000000e+00 8.089984010000000000e+08 0.000000000000000000e+00 6.030000000000000000e+02 1.004799999999999915e+00 1.317960000000000036e+04 0.000000000000000000e+00
1.200000000000000000e+01 3.000000000000000000e+00 8.089846100000000000e+08 0.000000000000000000e+00 6.110000000000000000e+02 8.134000000000000119e-01 5.040600000000000364e+03 0.000000000000000000e+00
1.200000000000000000e+01 4.000000000000000000e+00 8.084328230000000000e+08 0.000000000000000000e+00 6.980000000000000000e+02 8.752000000000000890e-01 1.090439999999999964e+04 0.000000000000000000e+00
1.200000000000000000e+01 5.000000000000000000e+00 8.084437330000000000e+08 0.000000000000000000e+00 7.250000000000000000e+02 8.227999999999999758e-01 1.162539999999999964e+04 0.000000000000000000e+00
1.200000000000000000e+01 6.000000000000000000e+00 8.084555170000000000e+08 0.000000000000000000e+00 7.160000000000000000e+02 8.496000000000000218e-01 1.412700000000000000e+04 0.000000000000000000e+00
1.200000000000000000e+01 7.000000000000000000e+00 8.089713050000000000e+08 0.000000000000000000e+00 7.860000000000000000e+02 8.720000000000001084e-01 1.346420000000000073e+04 0.000000000000000000e+00
1.200000000000000000e+01 8.000000000000000000e+00 8.089475050000000000e+08 0.000000000000000000e+00 7.510000000000000000e+02 8.861999999999999877e-01 9.024200000000000728e+03 0.000000000000000000e+00
1.200000000000000000e+01 9.000000000000000000e+00 8.089811210000000000e+08 0.000000000000000000e+00 8.370000000000000000e+02 8.583999999999999408e-01 8.172199999999999818e+03 0.000000000000000000e+00
1.200000000000000000e+01 1.000000000000000000e+01 8.089719360000000000e+08 0.000000000000000000e+00 7.250000000000000000e+02 8.573999999999999400e-01 1.044600000000000000e+04 0.000000000000000000e+00
1.200000000000000000e+01 1.100000000000000000e+01 8.089762320000000000e+08 0.000000000000000000e+00 7.570000000000000000e+02 8.278000000000000913e-01 1.190239999999999964e+04 0.000000000000000000e+00
1.200000000000000000e+01 1.300000000000000000e+01 8.084767250000000000e+08 0.000000000000000000e+00 6.010000000000000000e+02 6.513999999999999790e-01 9.797000000000000000e+03 0.000000000000000000e+00
1.200000000000000000e+01 1.400000000000000000e+01 8.084745930000000000e+08 0.000000000000000000e+00 8.170000000000000000e+02 8.076000000000000956e-01 1.285200000000000000e+04 0.000000000000000000e+00
1.200000000000000000e+01 1.500000000000000000e+01 8.089815030000000000e+08 0.000000000000000000e+00 8.630000000000000000e+02 8.147999999999999687e-01 7.934000000000000000e+03 0.000000000000000000e+00
1.200000000000000000e+01 1.600000000000000000e+01 8.089648760000000000e+08 0.000000000000000000e+00 9.930000000000000000e+02 8.758000000000001339e-01 1.250260000000000036e+04 0.000000000000000000e+00
1.200000000000000000e+01 1.700000000000000000e+01 8.089585880000000000e+08 0.000000000000000000e+00 8.780000000000000000e+02 8.306000000000001160e-01 1.285139999999999964e+04 0.000000000000000000e+00
1.200000000000000000e+01 1.800000000000000000e+01 8.064515840000000000e+08 0.000000000000000000e+00 7.800000000000000000e+02 8.137999999999999678e-01 1.082239999999999964e+04 0.000000000000000000e+00
1.300000000000000000e+01 1.000000000000000000e+00 8.090031610000000000e+08 0.000000000000000000e+00 5.590000000000000000e+02 1.018799999999999928e+00 1.151439999999999964e+04 0.000000000000000000e+00
1.300000000000000000e+01 3.000000000000000000e+00 8.089723460000000000e+08 0.000000000000000000e+00 6.550000000000000000e+02 1.005199999999999871e+00 1.447060000000000036e+04 0.000000000000000000e+00
1.300000000000000000e+01 4.000000000000000000e+00 8.084653420000000000e+08 0.000000000000000000e+00 7.640000000000000000e+02 1.051000000000000156e+00 1.253420000000000073e+04 0.000000000000000000e+00
1.300000000000000000e+01 5.000000000000000000e+00 8.089604520000000000e+08 0.000000000000000000e+00 7.480000000000000000e+02 9.550000000000000711e-01 1.039639999999999964e+04 0.000000000000000000e+00
1.300000000000000000e+01 6.000000000000000000e+00 8.089719370000000000e+08 0.000000000000000000e+00 9.480000000000000000e+02 1.020000000000000018e+00 1.204279999999999927e+04 0.000000000000000000e+00
1.300000000000000000e+01 7.000000000000000000e+00 8.089870050000000000e+08 0.000000000000000000e+00 9.970000000000000000e+02 1.035200000000000120e+00 1.110120000000000073e+04 0.000000000000000000e+00
1.300000000000000000e+01 8.000000000000000000e+00 8.089812110000000000e+08 0.000000000000000000e+00 9.440000000000000000e+02 1.025399999999999867e+00 1.322379999999999927e+04 0.000000000000000000e+00
1.300000000000000000e+01 9.000000000000000000e+00 8.064595970000000000e+08 0.000000000000000000e+00 9.690000000000000000e+02 9.898000000000000131e-01 6.147399999999999636e+03 0.000000000000000000e+00
1.300000000000000000e+01 1.000000000000000000e+01 8.089524990000000000e+08 0.000000000000000000e+00 1.097000000000000000e+03 9.890000000000001013e-01 1.255979999999999927e+04 0.000000000000000000e+00
1.300000000000000000e+01 1.100000000000000000e+01 8.089930890000000000e+08 0.000000000000000000e+00 1.133000000000000000e+03 9.896000000000000352e-01 1.022500000000000000e+04 0.000000000000000000e+00
1.300000000000000000e+01 1.200000000000000000e+01 8.089818390000000000e+08 0.000000000000000000e+00 1.080000000000000000e+03 1.009200000000000097e+00 1.453339999999999964e+04 0.000000000000000000e+00
1.300000000000000000e+01 1.300000000000000000e+01 8.089585910000000000e+08 0.000000000000000000e+00 1.067000000000000000e+03 1.111599999999999921e+00 8.833399999999999636e+03 0.000000000000000000e+00
1.300000000000000000e+01 1.500000000000000000e+01 8.095208190000000000e+08 0.000000000000000000e+00 1.086000000000000000e+03 9.757999999999998897e-01 1.357000000000000000e+04 0.000000000000000000e+00
1.300000000000000000e+01 1.600000000000000000e+01 8.089716300000000000e+08 0.000000000000000000e+00 1.122000000000000000e+03 1.058400000000000230e+00 1.345020000000000073e+04 0.000000000000000000e+00
1.300000000000000000e+01 1.700000000000000000e+01 8.089583720000000000e+08 0.000000000000000000e+00 1.118000000000000000e+03 9.778000000000000025e-01 1.271820000000000073e+04 0.000000000000000000e+00
1.300000000000000000e+01 1.800000000000000000e+01 8.089573780000000000e+08 0.000000000000000000e+00 1.065000000000000000e+03 1.047200000000000131e+00 1.175360000000000036e+04 0.000000000000000000e+00
1.400000000000000000e+01 1.000000000000000000e+00 8.089899100000000000e+08 0.000000000000000000e+00 6.700000000000000000e+02 1.027399999999999869e+00 1.041020000000000073e+04 0.000000000000000000e+00
1.400000000000000000e+01 2.000000000000000000e+00 8.089724570000000000e+08 0.000000000000000000e+00 8.020000000000000000e+02 1.085800000000000098e+00 9.425799999999999272e+03 0.000000000000000000e+00
1.400000000000000000e+01 3.000000000000000000e+00 8.084470940000000000e+08 0.000000000000000000e+00 9.140000000000000000e+02 1.040599999999999969e+00 9.347799999999999272e+03 0.000000000000000000e+00
1.400000000000000000e+01 4.000000000000000000e+00 8.089597310000000000e+08 0.000000000000000000e+00 8.590000000000000000e+02 9.905999999999999250e-01 1.049779999999999927e+04 0.000000000000000000e+00
1.400000000000000000e+01 5.000000000000000000e+00 8.089799130000000000e+08 0.000000000000000000e+00 9.630000000000000000e+02 1.000599999999999934e+00 1.453200000000000000e+04 0.000000000000000000e+00
1.400000000000000000e+01 6.000000000000000000e+00 8.084852500000000000e+08 0.000000000000000000e+00 9.280000000000000000e+02 1.010399999999999965e+00 1.259720000000000073e+04 0.000000000000000000e+00
1.400000000000000000e+01 7.000000000000000000e+00 8.084517820000000000e+08 0.000000000000000000e+00 1.037000000000000000e+03 1.036000000000000032e+00 7.957399999999999636e+03 0.000000000000000000e+00
1.400000000000000000e+01 9.000000000000000000e+00 8.084703730000000000e+08 0.000000000000000000e+00 1.095000000000000000e+03 9.971999999999999753e-01 1.337339999999999964e+04 0.000000000000000000e+00
1.400000000000000000e+01 1.000000000000000000e+01 8.089612610000000000e+08 0.000000000000000000e+00 1.313000000000000000e+03 1.070800000000000196e+00 8.614600000000000364e+03 0.000000000000000000e+00
1.400000000000000000e+01 1.100000000000000000e+01 8.089762330000000000e+08 0.000000000000000000e+00 1.358000000000000000e+03 1.023800000000000043e+00 1.268720000000000073e+04 0.000000000000000000e+00
1.400000000000000000e+01 1.200000000000000000e+01 8.089858030000000000e+08 0.000000000000000000e+00 1.354000000000000000e+03 1.005400000000000071e+00 1.093020000000000073e+04 0.000000000000000000e+00
1.400000000000000000e+01 1.300000000000000000e+01 8.089762650000000000e+08 0.000000000000000000e+00 1.396000000000000000e+03 9.596000000000000085e-01 1.437800000000000000e+04 0.000000000000000000e+00
1.400000000000000000e+01 1.400000000000000000e+01 8.064812180000000000e+08 0.000000000000000000e+00 1.529000000000000000e+03 1.042600000000000193e+00 1.420100000000000000e+04 0.000000000000000000e+00
1.400000000000000000e+01 1.500000000000000000e+01 8.064833620000000000e+08 0.000000000000000000e+00 1.505000000000000000e+03 1.009799999999999809e+00 1.462639999999999964e+04 0.000000000000000000e+00
1.400000000000000000e+01 1.600000000000000000e+01 8.089761600000000000e+08 0.000000000000000000e+00 1.766000000000000000e+03 1.058200000000000029e+00 1.370120000000000073e+04 0.000000000000000000e+00
1.400000000000000000e+01 1.700000000000000000e+01 8.089763520000000000e+08 0.000000000000000000e+00 1.503000000000000000e+03 1.005400000000000071e+00 1.408500000000000000e+04 0.000000000000000000e+00
1.400000000000000000e+01 1.800000000000000000e+01 8.089763190000000000e+08 0.000000000000000000e+00 1.210000000000000000e+03 1.016399999999999970e+00 1.367000000000000000e+04 0.000000000000000000e+00
1.500000000000000000e+01 1.000000000000000000e+00 8.173181040000000000e+08 0.000000000000000000e+00 5.330000000000000000e+02 7.895999999999999686e-01 2.903479999999999927e+04 1.000000000000000000e+00
1.500000000000000000e+01 2.000000000000000000e+00 8.089648080000000000e+08 0.000000000000000000e+00 9.380000000000000000e+02 1.036000000000000032e+00 9.189000000000000000e+03 0.000000000000000000e+00
1.500000000000000000e+01 3.000000000000000000e+00 8.084471040000000000e+08 0.000000000000000000e+00 9.530000000000000000e+02 1.015400000000000080e+00 9.797600000000000364e+03 0.000000000000000000e+00
1.500000000000000000e+01 4.000000000000000000e+00 8.089717660000000000e+08 0.000000000000000000e+00 1.088000000000000000e+03 1.009199999999999875e+00 1.065460000000000036e+04 0.000000000000000000e+00
1.500000000000000000e+01 5.000000000000000000e+00 8.084516890000000000e+08 0.000000000000000000e+00 1.217000000000000000e+03 1.052599999999999980e+00 1.253639999999999964e+04 0.000000000000000000e+00
1.500000000000000000e+01 6.000000000000000000e+00 8.089470030000000000e+08 0.000000000000000000e+00 1.229000000000000000e+03 1.071800000000000086e+00 1.376920000000000073e+04 0.000000000000000000e+00
1.500000000000000000e+01 7.000000000000000000e+00 8.089988240000000000e+08 0.000000000000000000e+00 1.315000000000000000e+03 1.051600000000000090e+00 7.483000000000000000e+03 0.000000000000000000e+00
1.500000000000000000e+01 8.000000000000000000e+00 8.089536590000000000e+08 0.000000000000000000e+00 1.368000000000000000e+03 1.075600000000000112e+00 7.911800000000000182e+03 0.000000000000000000e+00
1.500000000000000000e+01 9.000000000000000000e+00 8.089762070000000000e+08 0.000000000000000000e+00 1.373000000000000000e+03 9.954000000000000625e-01 1.121779999999999927e+04 0.000000000000000000e+00
1.500000000000000000e+01 1.100000000000000000e+01 8.089716330000000000e+08 0.000000000000000000e+00 1.274000000000000000e+03 9.854000000000000536e-01 1.214079999999999927e+04 0.000000000000000000e+00
1.500000000000000000e+01 1.200000000000000000e+01 8.089838600000000000e+08 0.000000000000000000e+00 1.552000000000000000e+03 1.026999999999999913e+00 1.112920000000000073e+04 0.000000000000000000e+00
1.500000000000000000e+01 1.300000000000000000e+01 8.084554930000000000e+08 0.000000000000000000e+00 1.495000000000000000e+03 9.906000000000000361e-01 1.288960000000000036e+04 0.000000000000000000e+00
1.500000000000000000e+01 1.400000000000000000e+01 8.089762930000000000e+08 0.000000000000000000e+00 1.652000000000000000e+03 1.008799999999999919e+00 1.130500000000000000e+04 0.000000000000000000e+00
1.500000000000000000e+01 1.500000000000000000e+01 8.089569260000000000e+08 0.000000000000000000e+00 1.628000000000000000e+03 9.847999999999998977e-01 1.245679999999999927e+04 0.000000000000000000e+00
1.500000000000000000e+01 1.600000000000000000e+01 8.089762520000000000e+08 0.000000000000000000e+00 1.456000000000000000e+03 9.679999999999999716e-01 1.539000000000000000e+04 0.000000000000000000e+00
1.500000000000000000e+01 1.700000000000000000e+01 8.089718030000000000e+08 0.000000000000000000e+00 1.483000000000000000e+03 1.001200000000000090e+00 1.033900000000000000e+04 0.000000000000000000e+00
1.500000000000000000e+01 1.800000000000000000e+01 8.084743730000000000e+08 0.000000000000000000e+00 1.363000000000000000e+03 1.011399999999999855e+00 1.287400000000000000e+04 0.000000000000000000e+00
1.600000000000000000e+01 1.000000000000000000e+00 8.176201920000000000e+08 0.000000000000000000e+00 5.170000000000000000e+02 9.923999999999999488e-01 2.639620000000000073e+04 1.000000000000000000e+00
1.600000000000000000e+01 2.000000000000000000e+00 8.175954250000000000e+08 0.000000000000000000e+00 5.710000000000000000e+02 9.985999999999999321e-01 2.704659999999999854e+04 1.000000000000000000e+00
1.600000000000000000e+01 4.000000000000000000e+00 8.176125590000000000e+08 0.000000000000000000e+00 7.580000000000000000e+02 1.012999999999999901e+00 2.331900000000000000e+04 1.000000000000000000e+00
1.600000000000000000e+01 5.000000000000000000e+00 8.175651730000000000e+08 0.000000000000000000e+00 8.150000000000000000e+02 0.000000000000000000e+00 2.678940000000000146e+04 1.000000000000000000e+00
1.600000000000000000e+01 6.000000000000000000e+00 8.176201930000000000e+08 0.000000000000000000e+00 9.410000000000000000e+02 9.487999999999999767e-01 2.564440000000000146e+04 1.000000000000000000e+00
1.600000000000000000e+01 7.000000000000000000e+00 8.175972120000000000e+08 0.000000000000000000e+00 9.410000000000000000e+02 1.012799999999999923e+00 2.620579999999999927e+04 1.000000000000000000e+00
1.600000000000000000e+01 8.000000000000000000e+00 8.176064600000000000e+08 0.000000000000000000e+00 1.046000000000000000e+03 0.000000000000000000e+00 2.632559999999999854e+04 1.000000000000000000e+00
1.600000000000000000e+01 9.000000000000000000e+00 8.175838900000000000e+08 0.000000000000000000e+00 8.910000000000000000e+02 0.000000000000000000e+00 2.541700000000000000e+04 1.000000000000000000e+00
1.600000000000000000e+01 1.100000000000000000e+01 8.175697190000000000e+08 0.000000000000000000e+00 1.065000000000000000e+03 9.829999999999998739e-01 2.158000000000000000e+04 1.000000000000000000e+00
1.600000000000000000e+01 1.200000000000000000e+01 8.176164300000000000e+08 0.000000000000000000e+00 1.225000000000000000e+03 1.005800000000000027e+00 2.612500000000000000e+04 1.000000000000000000e+00
1.600000000000000000e+01 1.300000000000000000e+01 8.175953730000000000e+08 0.000000000000000000e+00 1.292000000000000000e+03 1.011600000000000055e+00 2.139100000000000000e+04 1.000000000000000000e+00
1.600000000000000000e+01 1.400000000000000000e+01 8.175657690000000000e+08 0.000000000000000000e+00 1.338000000000000000e+03 9.981999999999999762e-01 2.193659999999999854e+04 1.000000000000000000e+00
1.600000000000000000e+01 1.500000000000000000e+01 8.176164290000000000e+08 0.000000000000000000e+00 1.416000000000000000e+03 9.827999999999998959e-01 2.378020000000000073e+04 1.000000000000000000e+00
1.600000000000000000e+01 1.600000000000000000e+01 8.175954280000000000e+08 0.000000000000000000e+00 1.315000000000000000e+03 1.018000000000000016e+00 2.600440000000000146e+04 1.000000000000000000e+00
1.600000000000000000e+01 1.700000000000000000e+01 8.175972300000000000e+08 0.000000000000000000e+00 1.332000000000000000e+03 9.537999999999999812e-01 2.573620000000000073e+04 1.000000000000000000e+00
1.600000000000000000e+01 1.800000000000000000e+01 8.175657540000000000e+08 0.000000000000000000e+00 1.108000000000000000e+03 9.644000000000000350e-01 2.599320000000000073e+04 1.000000000000000000e+00
1.900000000000000000e+01 1.000000000000000000e+00 8.084378700000000000e+08 0.000000000000000000e+00 6.190000000000000000e+02 1.005600000000000049e+00 4.806199999999999818e+03 0.000000000000000000e+00
1.900000000000000000e+01 2.000000000000000000e+00 8.089919790000000000e+08 0.000000000000000000e+00 7.860000000000000000e+02 1.016999999999999904e+00 8.837200000000000728e+03 0.000000000000000000e+00
1.900000000000000000e+01 3.000000000000000000e+00 8.095244370000000000e+08 0.000000000000000000e+00 8.720000000000000000e+02 9.978000000000000203e-01 5.664000000000000000e+03 0.000000000000000000e+00
1.900000000000000000e+01 4.000000000000000000e+00 8.089987070000000000e+08 0.000000000000000000e+00 8.240000000000000000e+02 7.912000000000000144e-01 1.581079999999999927e+04 0.000000000000000000e+00
1.900000000000000000e+01 5.000000000000000000e+00 8.090076380000000000e+08 0.000000000000000000e+00 1.059000000000000000e+03 1.002999999999999892e+00 5.896199999999999818e+03 0.000000000000000000e+00
1.900000000000000000e+01 6.000000000000000000e+00 8.089662840000000000e+08 0.000000000000000000e+00 1.162000000000000000e+03 1.032800000000000162e+00 5.362600000000000364e+03 0.000000000000000000e+00
1.900000000000000000e+01 7.000000000000000000e+00 8.089775150000000000e+08 0.000000000000000000e+00 1.198000000000000000e+03 1.004000000000000004e+00 1.501960000000000036e+04 0.000000000000000000e+00
1.900000000000000000e+01 8.000000000000000000e+00 8.089870750000000000e+08 0.000000000000000000e+00 1.247000000000000000e+03 1.053600000000000092e+00 1.313860000000000036e+04 0.000000000000000000e+00
1.900000000000000000e+01 9.000000000000000000e+00 8.089820420000000000e+08 0.000000000000000000e+00 1.343000000000000000e+03 1.042999999999999927e+00 9.623200000000000728e+03 0.000000000000000000e+00
1.900000000000000000e+01 1.000000000000000000e+01 8.089613960000000000e+08 0.000000000000000000e+00 1.402000000000000000e+03 1.035600000000000076e+00 1.100600000000000000e+04 0.000000000000000000e+00
1.900000000000000000e+01 1.100000000000000000e+01 8.089825710000000000e+08 0.000000000000000000e+00 1.409000000000000000e+03 1.037399999999999878e+00 1.098079999999999927e+04 0.000000000000000000e+00
1.900000000000000000e+01 1.200000000000000000e+01 8.084437280000000000e+08 0.000000000000000000e+00 1.306000000000000000e+03 1.003399999999999848e+00 1.186139999999999964e+04 0.000000000000000000e+00
1.900000000000000000e+01 1.400000000000000000e+01 8.084470810000000000e+08 0.000000000000000000e+00 1.213000000000000000e+03 1.012199999999999989e+00 1.183779999999999927e+04 0.000000000000000000e+00
1.900000000000000000e+01 1.500000000000000000e+01 8.084891050000000000e+08 0.000000000000000000e+00 1.422000000000000000e+03 1.013799999999999812e+00 9.912000000000000000e+03 0.000000000000000000e+00
1.900000000000000000e+01 1.600000000000000000e+01 8.089648950000000000e+08 0.000000000000000000e+00 1.551000000000000000e+03 1.021400000000000086e+00 1.154320000000000073e+04 0.000000000000000000e+00
1.900000000000000000e+01 1.700000000000000000e+01 8.089820060000000000e+08 0.000000000000000000e+00 1.484000000000000000e+03 1.033800000000000052e+00 8.589200000000000728e+03 0.000000000000000000e+00
1.900000000000000000e+01 1.800000000000000000e+01 8.095487970000000000e+08 0.000000000000000000e+00 1.268000000000000000e+03 9.839999999999999858e-01 9.449600000000000364e+03 0.000000000000000000e+00
2.000000000000000000e+01 1.000000000000000000e+00 8.084917940000000000e+08 0.000000000000000000e+00 7.040000000000000000e+02 9.657999999999999918e-01 2.872279999999999927e+04 1.000000000000000000e+00
2.000000000000000000e+01 2.000000000000000000e+00 8.084695560000000000e+08 0.000000000000000000e+00 8.520000000000000000e+02 9.606000000000000094e-01 2.517759999999999854e+04 1.000000000000000000e+00
2.000000000000000000e+01 3.000000000000000000e+00 8.089726870000000000e+08 0.000000000000000000e+00 9.730000000000000000e+02 9.393999999999997907e-01 2.465600000000000000e+04 1.000000000000000000e+00
2.000000000000000000e+01 4.000000000000000000e+00 8.064651100000000000e+08 0.000000000000000000e+00 1.004000000000000000e+03 9.285999999999999810e-01 2.577420000000000073e+04 1.000000000000000000e+00
2.000000000000000000e+01 5.000000000000000000e+00 8.089790690000000000e+08 0.000000000000000000e+00 1.158000000000000000e+03 9.448000000000000842e-01 2.298079999999999927e+04 1.000000000000000000e+00
2.000000000000000000e+01 6.000000000000000000e+00 8.089871080000000000e+08 0.000000000000000000e+00 1.261000000000000000e+03 9.470000000000000639e-01 1.998579999999999927e+04 1.000000000000000000e+00
2.000000000000000000e+01 7.000000000000000000e+00 8.084906900000000000e+08 0.000000000000000000e+00 1.457000000000000000e+03 9.627999999999999892e-01 2.167940000000000146e+04 1.000000000000000000e+00
2.000000000000000000e+01 8.000000000000000000e+00 8.089589230000000000e+08 0.000000000000000000e+00 1.409000000000000000e+03 9.427999999999998604e-01 2.334979999999999927e+04 1.000000000000000000e+00
2.000000000000000000e+01 9.000000000000000000e+00 8.089919600000000000e+08 0.000000000000000000e+00 1.353000000000000000e+03 9.448000000000000842e-01 2.861120000000000073e+04 1.000000000000000000e+00
2.000000000000000000e+01 1.000000000000000000e+01 8.084370920000000000e+08 0.000000000000000000e+00 1.354000000000000000e+03 9.735999999999999099e-01 2.576820000000000073e+04 1.000000000000000000e+00
2.000000000000000000e+01 1.200000000000000000e+01 8.089747260000000000e+08 0.000000000000000000e+00 1.416000000000000000e+03 9.583999999999999186e-01 2.124459999999999854e+04 1.000000000000000000e+00
2.000000000000000000e+01 1.300000000000000000e+01 8.095387690000000000e+08 0.000000000000000000e+00 1.476000000000000000e+03 9.321999999999999176e-01 2.127159999999999854e+04 1.000000000000000000e+00
2.000000000000000000e+01 1.400000000000000000e+01 8.095487940000000000e+08 0.000000000000000000e+00 1.495000000000000000e+03 9.646000000000001240e-01 2.653720000000000073e+04 1.000000000000000000e+00
2.000000000000000000e+01 1.500000000000000000e+01 8.064630470000000000e+08 0.000000000000000000e+00 1.691000000000000000e+03 9.808000000000000052e-01 2.769659999999999854e+04 1.000000000000000000e+00
2.000000000000000000e+01 1.600000000000000000e+01 8.089567970000000000e+08 0.000000000000000000e+00 1.654000000000000000e+03 9.542000000000001592e-01 2.102179999999999927e+04 1.000000000000000000e+00
2.000000000000000000e+01 1.700000000000000000e+01 8.089819130000000000e+08 0.000000000000000000e+00 1.520000000000000000e+03 9.506000000000000005e-01 2.221020000000000073e+04 1.000000000000000000e+00
2.000000000000000000e+01 1.800000000000000000e+01 8.089796920000000000e+08 0.000000000000000000e+00 1.382000000000000000e+03 9.365999999999999881e-01 2.156759999999999854e+04 1.000000000000000000e+00
2.100000000000000000e+01 1.000000000000000000e+00 8.190065350000000000e+08 0.000000000000000000e+00 4.790000000000000000e+02 6.656000000000000805e-01 4.506000000000000227e+02 0.000000000000000000e+00
2.100000000000000000e+01 3.000000000000000000e+00 8.173338530000000000e+08 0.000000000000000000e+00 7.740000000000000000e+02 1.050799999999999956e+00 2.790420000000000073e+04 1.000000000000000000e+00
2.100000000000000000e+01 4.000000000000000000e+00 8.178012820000000000e+08 0.000000000000000000e+00 8.420000000000000000e+02 7.246000000000000218e-01 3.141999999999999886e+02 0.000000000000000000e+00
2.100000000000000000e+01 5.000000000000000000e+00 8.169641220000000000e+08 0.000000000000000000e+00 9.890000000000000000e+02 1.020599999999999952e+00 1.868300000000000000e+04 1.000000000000000000e+00
2.100000000000000000e+01 6.000000000000000000e+00 8.089763510000000000e+08 0.000000000000000000e+00 1.113000000000000000e+03 9.983999999999998431e-01 2.896920000000000073e+04 1.000000000000000000e+00
2.100000000000000000e+01 7.000000000000000000e+00 8.178042280000000000e+08 0.000000000000000000e+00 1.187000000000000000e+03 9.964000000000000634e-01 3.351999999999999886e+02 0.000000000000000000e+00
2.100000000000000000e+01 8.000000000000000000e+00 8.169299140000000000e+08 0.000000000000000000e+00 1.243000000000000000e+03 1.039600000000000080e+00 1.835379999999999927e+04 1.000000000000000000e+00
2.100000000000000000e+01 9.000000000000000000e+00 8.173023830000000000e+08 0.000000000000000000e+00 1.311000000000000000e+03 1.041199999999999903e+00 2.784720000000000073e+04 1.000000000000000000e+00
2.100000000000000000e+01 1.000000000000000000e+01 8.178023740000000000e+08 0.000000000000000000e+00 1.499000000000000000e+03 1.039599999999999858e+00 5.918199999999999818e+03 0.000000000000000000e+00
2.100000000000000000e+01 1.100000000000000000e+01 8.169191510000000000e+08 0.000000000000000000e+00 1.433000000000000000e+03 1.002000000000000002e+00 2.124700000000000000e+04 1.000000000000000000e+00
2.100000000000000000e+01 1.200000000000000000e+01 8.169299990000000000e+08 0.000000000000000000e+00 1.493000000000000000e+03 1.023000000000000131e+00 2.829520000000000073e+04 1.000000000000000000e+00
2.100000000000000000e+01 1.300000000000000000e+01 8.178022310000000000e+08 0.000000000000000000e+00 1.521000000000000000e+03 1.070200000000000040e+00 3.914000000000000000e+03 0.000000000000000000e+00
2.100000000000000000e+01 1.400000000000000000e+01 8.169308090000000000e+08 0.000000000000000000e+00 1.501000000000000000e+03 1.034999999999999920e+00 2.053240000000000146e+04 1.000000000000000000e+00
2.100000000000000000e+01 1.500000000000000000e+01 8.169191540000000000e+08 0.000000000000000000e+00 1.544000000000000000e+03 1.005800000000000027e+00 2.740700000000000000e+04 1.000000000000000000e+00
2.100000000000000000e+01 1.600000000000000000e+01 8.190473880000000000e+08 0.000000000000000000e+00 1.655000000000000000e+03 1.087400000000000144e+00 6.313399999999999636e+03 0.000000000000000000e+00
2.100000000000000000e+01 1.700000000000000000e+01 8.169785760000000000e+08 0.000000000000000000e+00 1.393000000000000000e+03 1.017399999999999860e+00 2.161400000000000000e+04 1.000000000000000000e+00
2.100000000000000000e+01 1.800000000000000000e+01 8.169435310000000000e+08 0.000000000000000000e+00 1.265000000000000000e+03 1.011199999999999877e+00 2.879459999999999854e+04 1.000000000000000000e+00
2.200000000000000000e+01 1.000000000000000000e+00 8.089825500000000000e+08 0.000000000000000000e+00 6.860000000000000000e+02 1.073599999999999888e+00 5.621000000000000000e+03 0.000000000000000000e+00
2.200000000000000000e+01 2.000000000000000000e+00 8.090061750000000000e+08 0.000000000000000000e+00 7.590000000000000000e+02 1.035200000000000120e+00 4.610800000000000182e+03 0.000000000000000000e+00
2.200000000000000000e+01 3.000000000000000000e+00 8.089648450000000000e+08 0.000000000000000000e+00 9.040000000000000000e+02 1.064400000000000013e+00 4.779199999999999818e+03 0.000000000000000000e+00
2.200000000000000000e+01 4.000000000000000000e+00 8.089604760000000000e+08 0.000000000000000000e+00 9.740000000000000000e+02 1.050400000000000000e+00 3.685199999999999818e+03 0.000000000000000000e+00
2.200000000000000000e+01 5.000000000000000000e+00 8.089785610000000000e+08 0.000000000000000000e+00 9.260000000000000000e+02 9.858000000000000096e-01 1.232320000000000073e+04 0.000000000000000000e+00
2.200000000000000000e+01 6.000000000000000000e+00 8.089919470000000000e+08 0.000000000000000000e+00 1.057000000000000000e+03 1.062999999999999945e+00 1.739799999999999955e+03 0.000000000000000000e+00
2.200000000000000000e+01 7.000000000000000000e+00 8.089870980000000000e+08 0.000000000000000000e+00 1.073000000000000000e+03 1.050799999999999956e+00 5.917000000000000000e+03 0.000000000000000000e+00
2.200000000000000000e+01 8.000000000000000000e+00 8.089919670000000000e+08 0.000000000000000000e+00 0.000000000000000000e+00 0.000000000000000000e+00 4.165000000000000000e+03 0.000000000000000000e+00
2.200000000000000000e+01 9.000000000000000000e+00 8.089879500000000000e+08 0.000000000000000000e+00 1.239000000000000000e+03 1.084999999999999964e+00 4.642800000000000182e+03 0.000000000000000000e+00
2.200000000000000000e+01 1.000000000000000000e+01 8.089919550000000000e+08 0.000000000000000000e+00 1.280000000000000000e+03 1.066000000000000059e+00 5.289800000000000182e+03 0.000000000000000000e+00
2.200000000000000000e+01 1.100000000000000000e+01 8.095034070000000000e+08 0.000000000000000000e+00 1.181000000000000000e+03 9.608000000000000984e-01 1.665200000000000045e+03 0.000000000000000000e+00
2.200000000000000000e+01 1.200000000000000000e+01 8.095261220000000000e+08 0.000000000000000000e+00 1.413000000000000000e+03 1.089599999999999902e+00 2.177199999999999818e+03 0.000000000000000000e+00
2.200000000000000000e+01 1.300000000000000000e+01 8.089500760000000000e+08 0.000000000000000000e+00 1.374000000000000000e+03 1.046999999999999931e+00 6.013199999999999818e+03 0.000000000000000000e+00
2.200000000000000000e+01 1.400000000000000000e+01 8.089826080000000000e+08 0.000000000000000000e+00 1.486000000000000000e+03 1.079199999999999937e+00 1.916599999999999909e+03 0.000000000000000000e+00
2.200000000000000000e+01 1.500000000000000000e+01 8.084303460000000000e+08 0.000000000000000000e+00 1.586000000000000000e+03 1.111399999999999944e+00 2.383000000000000000e+03 0.000000000000000000e+00
2.200000000000000000e+01 1.600000000000000000e+01 8.084693990000000000e+08 0.000000000000000000e+00 1.576000000000000000e+03 1.050799999999999956e+00 4.645800000000000182e+03 0.000000000000000000e+00
2.200000000000000000e+01 1.700000000000000000e+01 8.089845980000000000e+08 0.000000000000000000e+00 1.420000000000000000e+03 1.076799999999999979e+00 5.150000000000000000e+03 0.000000000000000000e+00
2.200000000000000000e+01 1.800000000000000000e+01 8.089771120000000000e+08 0.000000000000000000e+00 1.331000000000000000e+03 1.085800000000000098e+00 5.244600000000000364e+03 0.000000000000000000e+00
2.300000000000000000e+01 1.000000000000000000e+00 8.089863920000000000e+08 0.000000000000000000e+00 5.640000000000000000e+02 1.052000000000000046e+00 1.354460000000000036e+04 0.000000000000000000e+00
2.300000000000000000e+01 2.000000000000000000e+00 8.089790720000000000e+08 0.000000000000000000e+00 6.190000000000000000e+02 1.003399999999999848e+00 1.133900000000000000e+04 0.000000000000000000e+00
2.300000000000000000e+01 3.000000000000000000e+00 8.089536660000000000e+08 0.000000000000000000e+00 7.050000000000000000e+02 1.028599999999999959e+00 1.456420000000000073e+04 0.000000000000000000e+00
2.300000000000000000e+01 4.000000000000000000e+00 8.089573900000000000e+08 0.000000000000000000e+00 6.740000000000000000e+02 9.822000000000000730e-01 1.315579999999999927e+04 0.000000000000000000e+00
2.300000000000000000e+01 5.000000000000000000e+00 8.095387930000000000e+08 0.000000000000000000e+00 6.430000000000000000e+02 1.002399999999999958e+00 4.443399999999999636e+03 0.000000000000000000e+00
2.300000000000000000e+01 7.000000000000000000e+00 8.089676950000000000e+08 0.000000000000000000e+00 6.450000000000000000e+02 9.919999999999999929e-01 1.289379999999999927e+04 0.000000000000000000e+00
2.300000000000000000e+01 8.000000000000000000e+00 8.084852470000000000e+08 0.000000000000000000e+00 7.860000000000000000e+02 9.384000000000000119e-01 1.278320000000000073e+04 0.000000000000000000e+00
2.300000000000000000e+01 9.000000000000000000e+00 8.089595630000000000e+08 0.000000000000000000e+00 9.480000000000000000e+02 1.044999999999999929e+00 1.542420000000000073e+04 0.000000000000000000e+00
2.300000000000000000e+01 1.000000000000000000e+01 8.089877890000000000e+08 0.000000000000000000e+00 9.710000000000000000e+02 1.010800000000000143e+00 1.369439999999999964e+04 0.000000000000000000e+00
2.300000000000000000e+01 1.100000000000000000e+01 8.084767130000000000e+08 0.000000000000000000e+00 8.840000000000000000e+02 9.536000000000000032e-01 1.187479999999999927e+04 0.000000000000000000e+00
2.300000000000000000e+01 1.200000000000000000e+01 8.064609140000000000e+08 0.000000000000000000e+00 2.950000000000000000e+02 2.846000000000000196e-01 1.418460000000000036e+04 0.000000000000000000e+00
2.300000000000000000e+01 1.300000000000000000e+01 8.089660470000000000e+08 0.000000000000000000e+00 9.970000000000000000e+02 9.814000000000000501e-01 1.341639999999999964e+04 0.000000000000000000e+00
2.300000000000000000e+01 1.400000000000000000e+01 8.089812230000000000e+08 0.000000000000000000e+00 8.480000000000000000e+02 1.027799999999999825e+00 5.929600000000000364e+03 0.000000000000000000e+00
2.300000000000000000e+01 1.600000000000000000e+01 8.089946160000000000e+08 0.000000000000000000e+00 6.990000000000000000e+02 9.406000000000001027e-01 6.440000000000000000e+03 0.000000000000000000e+00
2.300000000000000000e+01 1.800000000000000000e+01 8.084743610000000000e+08 0.000000000000000000e+00 7.480000000000000000e+02 1.031800000000000050e+00 1.391079999999999927e+04 0.000000000000000000e+00
2.400000000000000000e+01 1.000000000000000000e+00 8.089811310000000000e+08 0.000000000000000000e+00 5.360000000000000000e+02 8.251999999999999336e-01 5.900199999999999818e+03 0.000000000000000000e+00
2.400000000000000000e+01 2.000000000000000000e+00 8.064747910000000000e+08 0.000000000000000000e+00 8.810000000000000000e+02 1.015800000000000036e+00 4.291399999999999636e+03 0.000000000000000000e+00
2.400000000000000000e+01 3.000000000000000000e+00 8.089919420000000000e+08 0.000000000000000000e+00 9.520000000000000000e+02 1.015199999999999880e+00 4.388399999999999636e+03 0.000000000000000000e+00
2.400000000000000000e+01 4.000000000000000000e+00 8.089825380000000000e+08 0.000000000000000000e+00 1.007000000000000000e+03 9.917999999999999039e-01 5.175000000000000000e+03 0.000000000000000000e+00
2.400000000000000000e+01 5.000000000000000000e+00 8.084888450000000000e+08 0.000000000000000000e+00 1.194000000000000000e+03 9.968000000000000194e-01 5.919000000000000000e+03 0.000000000000000000e+00
2.400000000000000000e+01 6.000000000000000000e+00 8.089918960000000000e+08 0.000000000000000000e+00 1.230000000000000000e+03 1.021400000000000086e+00 7.023600000000000364e+03 0.000000000000000000e+00
2.400000000000000000e+01 7.000000000000000000e+00 8.084770170000000000e+08 0.000000000000000000e+00 1.239000000000000000e+03 1.007800000000000029e+00 5.360399999999999636e+03 0.000000000000000000e+00
2.400000000000000000e+01 8.000000000000000000e+00 8.089570440000000000e+08 0.000000000000000000e+00 1.398000000000000000e+03 1.030399999999999761e+00 4.010400000000000091e+03 0.000000000000000000e+00
2.400000000000000000e+01 9.000000000000000000e+00 8.089816890000000000e+08 0.000000000000000000e+00 1.378000000000000000e+03 1.014999999999999902e+00 4.558600000000000364e+03 0.000000000000000000e+00
2.400000000000000000e+01 1.000000000000000000e+01 8.089614890000000000e+08 0.000000000000000000e+00 1.335000000000000000e+03 9.742000000000000659e-01 4.741600000000000364e+03 0.000000000000000000e+00
2.400000000000000000e+01 1.100000000000000000e+01 8.084470250000000000e+08 0.000000000000000000e+00 1.340000000000000000e+03 9.932000000000000828e-01 2.623199999999999818e+03 0.000000000000000000e+00
2.400000000000000000e+01 1.200000000000000000e+01 8.084931060000000000e+08 0.000000000000000000e+00 1.387000000000000000e+03 1.043199999999999905e+00 1.003600000000000023e+03 0.000000000000000000e+00
2.400000000000000000e+01 1.400000000000000000e+01 8.089818660000000000e+08 0.000000000000000000e+00 1.181000000000000000e+03 1.014600000000000168e+00 2.610400000000000091e+03 0.000000000000000000e+00
2.400000000000000000e+01 1.600000000000000000e+01 8.084611970000000000e+08 0.000000000000000000e+00 1.105000000000000000e+03 9.865999999999999215e-01 3.298199999999999818e+03 0.000000000000000000e+00
2.400000000000000000e+01 1.700000000000000000e+01 8.090007130000000000e+08 0.000000000000000000e+00 1.399000000000000000e+03 1.008999999999999897e+00 2.924400000000000091e+03 0.000000000000000000e+00
2.400000000000000000e+01 1.800000000000000000e+01 8.084745780000000000e+08 0.000000000000000000e+00 7.080000000000000000e+02 5.961999999999999522e-01 3.457400000000000091e+03 0.000000000000000000e+00
2.500000000000000000e+01 1.000000000000000000e+00 8.173190040000000000e+08 0.000000000000000000e+00 7.640000000000000000e+02 9.407999999999999696e-01 3.984000000000000000e+04 1.000000000000000000e+00
2.500000000000000000e+01 2.000000000000000000e+00 8.169191420000000000e+08 0.000000000000000000e+00 1.031000000000000000e+03 1.013999999999999790e+00 1.117100000000000000e+04 0.000000000000000000e+00
2.500000000000000000e+01 3.000000000000000000e+00 8.178022190000000000e+08 0.000000000000000000e+00 9.960000000000000000e+02 7.033999999999999142e-01 1.284000000000000057e+02 0.000000000000000000e+00
2.500000000000000000e+01 4.000000000000000000e+00 8.169284050000000000e+08 0.000000000000000000e+00 1.211000000000000000e+03 1.008399999999999963e+00 2.885100000000000000e+04 1.000000000000000000e+00
2.500000000000000000e+01 5.000000000000000000e+00 8.089593980000000000e+08 0.000000000000000000e+00 1.296000000000000000e+03 1.019200000000000106e+00 2.785859999999999854e+04 1.000000000000000000e+00
2.500000000000000000e+01 6.000000000000000000e+00 8.190057660000000000e+08 0.000000000000000000e+00 1.231000000000000000e+03 9.459999999999999520e-01 3.083999999999999773e+02 0.000000000000000000e+00
2.500000000000000000e+01 8.000000000000000000e+00 8.173358090000000000e+08 0.000000000000000000e+00 1.201000000000000000e+03 9.811999999999999611e-01 2.793479999999999927e+04 1.000000000000000000e+00
2.500000000000000000e+01 9.000000000000000000e+00 8.178022100000000000e+08 0.000000000000000000e+00 1.312000000000000000e+03 9.453999999999999071e-01 1.658000000000000114e+02 0.000000000000000000e+00
2.500000000000000000e+01 1.000000000000000000e+01 8.169190710000000000e+08 0.000000000000000000e+00 1.555000000000000000e+03 1.047599999999999865e+00 2.842940000000000146e+04 1.000000000000000000e+00
2.500000000000000000e+01 1.100000000000000000e+01 8.169197010000000000e+08 0.000000000000000000e+00 1.433000000000000000e+03 1.002000000000000002e+00 2.913220000000000073e+04 1.000000000000000000e+00
2.500000000000000000e+01 1.300000000000000000e+01 8.173429730000000000e+08 0.000000000000000000e+00 1.255000000000000000e+03 1.030799999999999939e+00 2.760420000000000073e+04 1.000000000000000000e+00
2.500000000000000000e+01 1.400000000000000000e+01 8.169785880000000000e+08 0.000000000000000000e+00 1.559000000000000000e+03 1.020000000000000018e+00 2.778220000000000073e+04 1.000000000000000000e+00
2.500000000000000000e+01 1.500000000000000000e+01 8.178022430000000000e+08 0.000000000000000000e+00 1.757000000000000000e+03 1.104999999999999982e+00 5.775199999999999818e+03 0.000000000000000000e+00
2.500000000000000000e+01 1.600000000000000000e+01 8.173442400000000000e+08 0.000000000000000000e+00 1.635000000000000000e+03 1.014199999999999990e+00 2.758540000000000146e+04 1.000000000000000000e+00
2.500000000000000000e+01 1.700000000000000000e+01 8.169857150000000000e+08 0.000000000000000000e+00 1.382000000000000000e+03 1.004599999999999937e+00 2.892059999999999854e+04 1.000000000000000000e+00
2.600000000000000000e+01 1.000000000000000000e+00 8.089585760000000000e+08 0.000000000000000000e+00 7.190000000000000000e+02 0.000000000000000000e+00 5.527199999999999818e+03 0.000000000000000000e+00
2.600000000000000000e+01 2.000000000000000000e+00 8.089612560000000000e+08 0.000000000000000000e+00 6.120000000000000000e+02 8.438000000000001055e-01 3.017800000000000182e+03 0.000000000000000000e+00
2.600000000000000000e+01 3.000000000000000000e+00 8.169823230000000000e+08 0.000000000000000000e+00 9.660000000000000000e+02 9.789999999999998703e-01 1.577739999999999964e+04 0.000000000000000000e+00
2.600000000000000000e+01 4.000000000000000000e+00 8.095034040000000000e+08 0.000000000000000000e+00 1.075000000000000000e+03 1.064800000000000191e+00 2.769400000000000091e+03 0.000000000000000000e+00
2.600000000000000000e+01 5.000000000000000000e+00 8.089810870000000000e+08 0.000000000000000000e+00 1.074000000000000000e+03 9.666000000000000147e-01 1.601639999999999964e+04 0.000000000000000000e+00
2.600000000000000000e+01 6.000000000000000000e+00 8.084675450000000000e+08 0.000000000000000000e+00 1.181000000000000000e+03 9.576000000000000068e-01 1.573760000000000036e+04 0.000000000000000000e+00
2.600000000000000000e+01 7.000000000000000000e+00 8.089930880000000000e+08 0.000000000000000000e+00 1.341000000000000000e+03 1.018399999999999972e+00 8.288200000000000728e+03 0.000000000000000000e+00
2.600000000000000000e+01 8.000000000000000000e+00 8.089724520000000000e+08 0.000000000000000000e+00 1.300000000000000000e+03 1.006200000000000205e+00 9.365000000000000000e+03 0.000000000000000000e+00
2.600000000000000000e+01 9.000000000000000000e+00 8.089811940000000000e+08 0.000000000000000000e+00 1.248000000000000000e+03 9.869999999999998774e-01 1.032579999999999927e+04 0.000000000000000000e+00
2.600000000000000000e+01 1.000000000000000000e+01 8.084549730000000000e+08 0.000000000000000000e+00 1.274000000000000000e+03 1.019799999999999818e+00 5.409399999999999636e+03 0.000000000000000000e+00
2.600000000000000000e+01 1.100000000000000000e+01 8.089724640000000000e+08 0.000000000000000000e+00 1.227000000000000000e+03 1.040999999999999925e+00 6.297399999999999636e+03 0.000000000000000000e+00
2.600000000000000000e+01 1.300000000000000000e+01 8.089583920000000000e+08 0.000000000000000000e+00 1.026000000000000000e+03 1.011799999999999811e+00 2.491599999999999909e+03 0.000000000000000000e+00
2.600000000000000000e+01 1.500000000000000000e+01 8.089775630000000000e+08 0.000000000000000000e+00 9.290000000000000000e+02 1.017399999999999860e+00 1.315320000000000073e+04 0.000000000000000000e+00
2.600000000000000000e+01 1.700000000000000000e+01 8.089614450000000000e+08 0.000000000000000000e+00 1.038000000000000000e+03 1.020399999999999974e+00 1.583139999999999964e+04 0.000000000000000000e+00
2.600000000000000000e+01 1.800000000000000000e+01 8.064765190000000000e+08 0.000000000000000000e+00 9.380000000000000000e+02 9.556000000000001160e-01 1.591039999999999964e+04 0.000000000000000000e+00
2.700000000000000000e+01 1.000000000000000000e+00 8.095214740000000000e+08 0.000000000000000000e+00 6.210000000000000000e+02 1.052400000000000002e+00 6.207600000000000364e+03 0.000000000000000000e+00
2.700000000000000000e+01 2.000000000000000000e+00 8.095260900000000000e+08 0.000000000000000000e+00 6.130000000000000000e+02 6.842000000000000304e-01 4.040400000000000091e+03 0.000000000000000000e+00
2.700000000000000000e+01 3.000000000000000000e+00 8.095261020000000000e+08 0.000000000000000000e+00 7.790000000000000000e+02 9.566000000000001169e-01 5.571199999999999818e+03 0.000000000000000000e+00
2.700000000000000000e+01 4.000000000000000000e+00 8.089811180000000000e+08 0.000000000000000000e+00 8.090000000000000000e+02 1.065800000000000081e+00 4.688800000000000182e+03 0.000000000000000000e+00
2.700000000000000000e+01 5.000000000000000000e+00 8.089989660000000000e+08 0.000000000000000000e+00 9.660000000000000000e+02 9.255999999999999783e-01 4.699600000000000364e+03 0.000000000000000000e+00
2.700000000000000000e+01 7.000000000000000000e+00 8.084549780000000000e+08 0.000000000000000000e+00 1.357000000000000000e+03 8.868000000000000327e-01 8.366399999999999636e+03 0.000000000000000000e+00
2.700000000000000000e+01 8.000000000000000000e+00 8.089749230000000000e+08 0.000000000000000000e+00 1.061000000000000000e+03 7.196000000000000174e-01 9.240399999999999636e+03 0.000000000000000000e+00
2.700000000000000000e+01 9.000000000000000000e+00 8.089812060000000000e+08 0.000000000000000000e+00 1.268000000000000000e+03 9.640000000000000790e-01 3.988800000000000182e+03 0.000000000000000000e+00
2.700000000000000000e+01 1.000000000000000000e+01 8.084328240000000000e+08 0.000000000000000000e+00 1.400000000000000000e+03 1.049199999999999910e+00 3.299800000000000182e+03 0.000000000000000000e+00
2.700000000000000000e+01 1.100000000000000000e+01 8.084555050000000000e+08 0.000000000000000000e+00 1.293000000000000000e+03 8.987999999999999323e-01 1.634400000000000091e+03 0.000000000000000000e+00
2.700000000000000000e+01 1.200000000000000000e+01 8.089569950000000000e+08 0.000000000000000000e+00 1.374000000000000000e+03 8.873999999999998556e-01 2.844400000000000091e+03 0.000000000000000000e+00
2.700000000000000000e+01 1.300000000000000000e+01 8.095244450000000000e+08 0.000000000000000000e+00 1.306000000000000000e+03 8.840000000000000080e-01 6.382399999999999636e+03 0.000000000000000000e+00
2.700000000000000000e+01 1.400000000000000000e+01 8.173180990000000000e+08 0.000000000000000000e+00 1.211000000000000000e+03 8.506000000000000227e-01 3.842640000000000146e+04 1.000000000000000000e+00
2.700000000000000000e+01 1.500000000000000000e+01 8.090037750000000000e+08 0.000000000000000000e+00 1.470000000000000000e+03 9.961999999999999744e-01 2.009400000000000091e+03 0.000000000000000000e+00
2.700000000000000000e+01 1.600000000000000000e+01 8.084890220000000000e+08 0.000000000000000000e+00 1.270000000000000000e+03 8.498000000000001108e-01 4.233800000000000182e+03 0.000000000000000000e+00
2.700000000000000000e+01 1.700000000000000000e+01 8.089827060000000000e+08 0.000000000000000000e+00 1.234000000000000000e+03 8.858000000000000318e-01 3.902599999999999909e+03 0.000000000000000000e+00
2.700000000000000000e+01 1.800000000000000000e+01 8.089615010000000000e+08 0.000000000000000000e+00 1.206000000000000000e+03 1.026200000000000001e+00 3.764599999999999909e+03 0.000000000000000000e+00
2.800000000000000000e+01 1.000000000000000000e+00 8.064558160000000000e+08 0.000000000000000000e+00 6.580000000000000000e+02 1.084799999999999986e+00 3.698199999999999818e+03 0.000000000000000000e+00
2.800000000000000000e+01 2.000000000000000000e+00 8.089800700000000000e+08 0.000000000000000000e+00 6.180000000000000000e+02 1.096200000000000063e+00 5.560199999999999818e+03 0.000000000000000000e+00
2.800000000000000000e+01 3.000000000000000000e+00 8.090042520000000000e+08 0.000000000000000000e+00 7.500000000000000000e+02 1.049800000000000066e+00 8.115399999999999636e+03 0.000000000000000000e+00
2.800000000000000000e+01 4.000000000000000000e+00 8.089616670000000000e+08 0.000000000000000000e+00 8.180000000000000000e+02 1.062400000000000233e+00 3.494599999999999909e+03 0.000000000000000000e+00
2.800000000000000000e+01 5.000000000000000000e+00 8.089647570000000000e+08 0.000000000000000000e+00 7.860000000000000000e+02 1.003399999999999848e+00 9.980000000000000000e+03 0.000000000000000000e+00
2.800000000000000000e+01 7.000000000000000000e+00 8.089882380000000000e+08 0.000000000000000000e+00 7.850000000000000000e+02 9.572000000000000508e-01 1.277900000000000000e+04 0.000000000000000000e+00
2.800000000000000000e+01 8.000000000000000000e+00 8.089785820000000000e+08 0.000000000000000000e+00 7.880000000000000000e+02 9.326000000000000956e-01 1.263260000000000036e+04 0.000000000000000000e+00
2.800000000000000000e+01 9.000000000000000000e+00 8.089972530000000000e+08 0.000000000000000000e+00 8.630000000000000000e+02 1.011200000000000099e+00 1.062960000000000036e+04 0.000000000000000000e+00
2.800000000000000000e+01 1.000000000000000000e+01 8.089935920000000000e+08 0.000000000000000000e+00 9.990000000000000000e+02 9.749999999999999778e-01 9.996799999999999272e+03 0.000000000000000000e+00
2.800000000000000000e+01 1.100000000000000000e+01 8.089474810000000000e+08 0.000000000000000000e+00 1.161000000000000000e+03 1.009399999999999853e+00 1.392279999999999927e+04 0.000000000000000000e+00
2.800000000000000000e+01 1.200000000000000000e+01 8.089867710000000000e+08 0.000000000000000000e+00 1.190000000000000000e+03 9.909999999999999920e-01 1.014520000000000073e+04 0.000000000000000000e+00
2.800000000000000000e+01 1.300000000000000000e+01 8.089935740000000000e+08 0.000000000000000000e+00 1.265000000000000000e+03 1.005599999999999827e+00 8.129800000000000182e+03 0.000000000000000000e+00
2.800000000000000000e+01 1.400000000000000000e+01 8.089972400000000000e+08 0.000000000000000000e+00 1.183000000000000000e+03 9.721999999999999531e-01 4.173399999999999636e+03 0.000000000000000000e+00
2.800000000000000000e+01 1.500000000000000000e+01 8.084683790000000000e+08 0.000000000000000000e+00 1.230000000000000000e+03 9.971999999999999753e-01 6.325399999999999636e+03 0.000000000000000000e+00
2.800000000000000000e+01 1.600000000000000000e+01 8.173007990000000000e+08 0.000000000000000000e+00 1.251000000000000000e+03 9.300000000000000488e-01 3.756180000000000291e+04 1.000000000000000000e+00
2.800000000000000000e+01 1.700000000000000000e+01 8.064608250000000000e+08 0.000000000000000000e+00 1.400000000000000000e+03 9.954000000000000625e-01 6.499199999999999818e+03 0.000000000000000000e+00
2.800000000000000000e+01 1.800000000000000000e+01 8.089850710000000000e+08 0.000000000000000000e+00 1.180000000000000000e+03 1.005199999999999871e+00 3.356800000000000182e+03 0.000000000000000000e+00
3.000000000000000000e+01 1.000000000000000000e+00 8.172848190000000000e+08 0.000000000000000000e+00 5.010000000000000000e+02 9.435999999999999943e-01 3.933319999999999709e+04 1.000000000000000000e+00
3.000000000000000000e+01 2.000000000000000000e+00 8.173055650000000000e+08 0.000000000000000000e+00 6.090000000000000000e+02 9.699999999999999734e-01 3.980140000000000146e+04 1.000000000000000000e+00
3.000000000000000000e+01 4.000000000000000000e+00 8.173202850000000000e+08 0.000000000000000000e+00 6.570000000000000000e+02 9.652000000000000579e-01 4.218240000000000146e+04 1.000000000000000000e+00
3.000000000000000000e+01 5.000000000000000000e+00 8.173175410000000000e+08 0.000000000000000000e+00 6.860000000000000000e+02 9.152000000000001245e-01 3.948800000000000000e+04 1.000000000000000000e+00
3.000000000000000000e+01 6.000000000000000000e+00 8.173121720000000000e+08 0.000000000000000000e+00 8.840000000000000000e+02 9.917999999999999039e-01 3.722000000000000000e+04 1.000000000000000000e+00
3.000000000000000000e+01 7.000000000000000000e+00 8.173037420000000000e+08 0.000000000000000000e+00 7.590000000000000000e+02 9.369999999999999440e-01 3.712459999999999854e+04 1.000000000000000000e+00
3.000000000000000000e+01 9.000000000000000000e+00 8.173036850000000000e+08 0.000000000000000000e+00 7.270000000000000000e+02 9.512000000000000455e-01 4.027859999999999854e+04 1.000000000000000000e+00
3.000000000000000000e+01 1.100000000000000000e+01 8.173203160000000000e+08 0.000000000000000000e+00 8.730000000000000000e+02 9.727999999999999980e-01 3.941259999999999854e+04 1.000000000000000000e+00
3.000000000000000000e+01 1.200000000000000000e+01 8.172934040000000000e+08 0.000000000000000000e+00 9.700000000000000000e+02 9.457999999999999741e-01 3.752800000000000000e+04 1.000000000000000000e+00
3.000000000000000000e+01 1.300000000000000000e+01 8.172994730000000000e+08 0.000000000000000000e+00 1.155000000000000000e+03 9.503999999999999115e-01 4.071440000000000146e+04 1.000000000000000000e+00
3.000000000000000000e+01 1.400000000000000000e+01 8.173198840000000000e+08 0.000000000000000000e+00 1.266000000000000000e+03 1.007599999999999829e+00 4.149500000000000000e+04 1.000000000000000000e+00
3.000000000000000000e+01 1.500000000000000000e+01 8.173311860000000000e+08 0.000000000000000000e+00 1.186000000000000000e+03 9.991999999999998661e-01 4.215040000000000146e+04 1.000000000000000000e+00
3.000000000000000000e+01 1.600000000000000000e+01 8.172972170000000000e+08 0.000000000000000000e+00 1.195000000000000000e+03 9.512000000000000455e-01 3.786059999999999854e+04 1.000000000000000000e+00
3.000000000000000000e+01 1.700000000000000000e+01 8.173189100000000000e+08 0.000000000000000000e+00 1.153000000000000000e+03 9.381999999999999229e-01 3.894700000000000000e+04 1.000000000000000000e+00
3.000000000000000000e+01 1.800000000000000000e+01 8.172875570000000000e+08 0.000000000000000000e+00 1.074000000000000000e+03 1.007000000000000117e+00 3.710259999999999854e+04 1.000000000000000000e+00
3.200000000000000000e+01 1.000000000000000000e+00 8.095261090000000000e+08 0.000000000000000000e+00 5.060000000000000000e+02 1.007400000000000073e+00 2.450000000000000000e+02 0.000000000000000000e+00
3.200000000000000000e+01 2.000000000000000000e+00 8.089531480000000000e+08 0.000000000000000000e+00 6.420000000000000000e+02 1.062599999999999989e+00 4.471999999999999886e+02 0.000000000000000000e+00
3.200000000000000000e+01 3.000000000000000000e+00 8.089846030000000000e+08 0.000000000000000000e+00 6.450000000000000000e+02 1.052200000000000024e+00 3.628400000000000091e+03 0.000000000000000000e+00
3.200000000000000000e+01 4.000000000000000000e+00 8.089816660000000000e+08 0.000000000000000000e+00 6.130000000000000000e+02 9.871999999999999664e-01 6.061199999999999818e+03 0.000000000000000000e+00
3.200000000000000000e+01 5.000000000000000000e+00 8.089690380000000000e+08 0.000000000000000000e+00 8.190000000000000000e+02 1.060799999999999965e+00 3.097400000000000091e+03 0.000000000000000000e+00
3.200000000000000000e+01 6.000000000000000000e+00 8.089847530000000000e+08 0.000000000000000000e+00 8.540000000000000000e+02 1.020599999999999952e+00 3.580000000000000000e+03 0.000000000000000000e+00
3.200000000000000000e+01 7.000000000000000000e+00 8.095386370000000000e+08 0.000000000000000000e+00 8.800000000000000000e+02 1.066599999999999993e+00 3.587599999999999909e+03 0.000000000000000000e+00
3.200000000000000000e+01 8.000000000000000000e+00 8.089850610000000000e+08 0.000000000000000000e+00 8.700000000000000000e+02 1.029400000000000093e+00 5.076199999999999818e+03 0.000000000000000000e+00
3.200000000000000000e+01 9.000000000000000000e+00 8.089945240000000000e+08 0.000000000000000000e+00 9.490000000000000000e+02 1.042199999999999793e+00 3.888599999999999909e+03 0.000000000000000000e+00
3.200000000000000000e+01 1.000000000000000000e+01 8.084891100000000000e+08 0.000000000000000000e+00 1.019000000000000000e+03 1.039800000000000058e+00 3.106000000000000000e+03 0.000000000000000000e+00
3.200000000000000000e+01 1.100000000000000000e+01 8.095386360000000000e+08 0.000000000000000000e+00 9.930000000000000000e+02 1.047400000000000109e+00 3.382199999999999818e+03 0.000000000000000000e+00
3.200000000000000000e+01 1.200000000000000000e+01 8.089694750000000000e+08 0.000000000000000000e+00 1.185000000000000000e+03 1.018000000000000016e+00 1.054320000000000073e+04 0.000000000000000000e+00
3.200000000000000000e+01 1.300000000000000000e+01 8.089845910000000000e+08 0.000000000000000000e+00 1.100000000000000000e+03 1.017600000000000060e+00 5.985199999999999818e+03 0.000000000000000000e+00
3.200000000000000000e+01 1.400000000000000000e+01 8.089864100000000000e+08 0.000000000000000000e+00 1.093000000000000000e+03 1.030599999999999739e+00 3.359000000000000000e+03 0.000000000000000000e+00
3.200000000000000000e+01 1.500000000000000000e+01 8.089826110000000000e+08 0.000000000000000000e+00 1.260000000000000000e+03 1.034000000000000030e+00 5.983800000000000182e+03 0.000000000000000000e+00
3.200000000000000000e+01 1.600000000000000000e+01 8.089870630000000000e+08 0.000000000000000000e+00 1.333000000000000000e+03 1.040799999999999947e+00 3.734400000000000091e+03 0.000000000000000000e+00
3.200000000000000000e+01 1.700000000000000000e+01 8.089870640000000000e+08 0.000000000000000000e+00 1.213000000000000000e+03 1.025799999999999823e+00 4.038599999999999909e+03 0.000000000000000000e+00
3.200000000000000000e+01 1.800000000000000000e+01 8.089845860000000000e+08 0.000000000000000000e+00 1.097000000000000000e+03 1.053999999999999826e+00 4.223800000000000182e+03 0.000000000000000000e+00
