5.000000000000000000e+00 1.000000000000000000e+00 8.175971020000000000e+08 0.000000000000000000e+00 2.230000000000000000e+02 1.129000000000000004e+00 2.820800000000000000e+04 1.000000000000000000e+00
5.000000000000000000e+00 2.000000000000000000e+00 8.175971350000000000e+08 0.000000000000000000e+00 2.610000000000000000e+02 1.082999999999999963e+00 2.428700000000000000e+04 1.000000000000000000e+00
5.000000000000000000e+00 3.000000000000000000e+00 8.175818940000000000e+08 0.000000000000000000e+00 2.920000000000000000e+02 1.086000000000000076e+00 2.283900000000000000e+04 1.000000000000000000e+00
5.000000000000000000e+00 4.000000000000000000e+00 8.176081760000000000e+08 0.000000000000000000e+00 2.980000000000000000e+02 1.124000000000000110e+00 2.011100000000000000e+04 1.000000000000000000e+00
5.000000000000000000e+00 5.000000000000000000e+00 8.175971170000000000e+08 0.000000000000000000e+00 3.080000000000000000e+02 1.155999999999999917e+00 2.098600000000000000e+04 1.000000000000000000e+00
5.000000000000000000e+00 6.000000000000000000e+00 8.175657510000000000e+08 0.000000000000000000e+00 3.150000000000000000e+02 1.120000000000000107e+00 2.878300000000000000e+04 1.000000000000000000e+00
5.000000000000000000e+00 7.000000000000000000e+00 8.175697200000000000e+08 0.000000000000000000e+00 2.950000000000000000e+02 1.114999999999999991e+00 2.536100000000000000e+04 1.000000000000000000e+00
5.000000000000000000e+00 8.000000000000000000e+00 8.175971720000000000e+08 0.000000000000000000e+00 3.090000000000000000e+02 1.102999999999999980e+00 2.097700000000000000e+04 1.000000000000000000e+00
5.000000000000000000e+00 9.000000000000000000e+00 8.175892110000000000e+08 0.000000000000000000e+00 3.410000000000000000e+02 1.193999999999999950e+00 2.024100000000000000e+04 1.000000000000000000e+00
5.000000000000000000e+00 1.000000000000000000e+01 8.175954460000000000e+08 0.000000000000000000e+00 3.520000000000000000e+02 1.139999999999999902e+00 2.158700000000000000e+04 1.000000000000000000e+00
5.000000000000000000e+00 1.100000000000000000e+01 8.176188260000000000e+08 0.000000000000000000e+00 3.280000000000000000e+02 1.036000000000000032e+00 1.830300000000000000e+04 1.000000000000000000e+00
5.000000000000000000e+00 1.200000000000000000e+01 8.176071550000000000e+08 0.000000000000000000e+00 3.750000000000000000e+02 1.114999999999999991e+00 2.103100000000000000e+04 1.000000000000000000e+00
5.000000000000000000e+00 1.300000000000000000e+01 8.175954620000000000e+08 0.000000000000000000e+00 3.770000000000000000e+02 1.106000000000000094e+00 2.102900000000000000e+04 1.000000000000000000e+00
5.000000000000000000e+00 1.400000000000000000e+01 8.176071220000000000e+08 0.000000000000000000e+00 3.830000000000000000e+02 1.088999999999999968e+00 2.037900000000000000e+04 1.000000000000000000e+00
5.000000000000000000e+00 1.500000000000000000e+01 8.175692530000000000e+08 0.000000000000000000e+00 3.760000000000000000e+02 1.169000000000000039e+00 2.044900000000000000e+04 1.000000000000000000e+00
5.000000000000000000e+00 1.600000000000000000e+01 8.176080860000000000e+08 0.000000000000000000e+00 3.410000000000000000e+02 1.122999999999999998e+00 2.034100000000000000e+04 1.000000000000000000e+00
5.000000000000000000e+00 1.700000000000000000e+01 8.176081710000000000e+08 0.000000000000000000e+00 2.400000000000000000e+02 1.028000000000000025e+00 2.102600000000000000e+04 1.000000000000000000e+00
9.000000000000000000e+00 1.000000000000000000e+00 8.089926030000000000e+08 0.000000000000000000e+00 0.000000000000000000e+00 nan 1.838000000000000000e+03 0.000000000000000000e+00
9.000000000000000000e+00 2.000000000000000000e+00 8.089749280000000000e+08 0.000000000000000000e+00 0.000000000000000000e+00 nan 1.746000000000000000e+03 0.000000000000000000e+00
9.000000000000000000e+00 3.000000000000000000e+00 8.089954810000000000e+08 0.000000000000000000e+00 0.000000000000000000e+00 nan 1.758000000000000000e+03 0.000000000000000000e+00
9.000000000000000000e+00 4.000000000000000000e+00 8.089662870000000000e+08 0.000000000000000000e+00 0.000000000000000000e+00 nan 1.748000000000000000e+03 0.000000000000000000e+00
9.000000000000000000e+00 5.000000000000000000e+00 8.084675690000000000e+08 0.000000000000000000e+00 0.000000000000000000e+00 nan 7.628000000000000000e+03 0.000000000000000000e+00
9.000000000000000000e+00 6.000000000000000000e+00 8.084300360000000000e+08 0.000000000000000000e+00 0.000000000000000000e+00 nan 1.648000000000000000e+03 0.000000000000000000e+00
9.000000000000000000e+00 7.000000000000000000e+00 8.084305710000000000e+08 0.000000000000000000e+00 0.000000000000000000e+00 nan 7.723000000000000000e+03 0.000000000000000000e+00
9.000000000000000000e+00 8.000000000000000000e+00 8.089964200000000000e+08 0.000000000000000000e+00 0.000000000000000000e+00 nan 6.739000000000000000e+03 0.000000000000000000e+00
9.000000000000000000e+00 1.000000000000000000e+01 8.089659180000000000e+08 0.000000000000000000e+00 0.000000000000000000e+00 nan 4.028000000000000000e+03 0.000000000000000000e+00
9.000000000000000000e+00 1.100000000000000000e+01 8.084470910000000000e+08 0.000000000000000000e+00 0.000000000000000000e+00 nan 7.735000000000000000e+03 0.000000000000000000e+00
9.000000000000000000e+00 1.300000000000000000e+01 8.084683650000000000e+08 0.000000000000000000e+00 0.000000000000000000e+00 nan 7.022000000000000000e+03 0.000000000000000000e+00
9.000000000000000000e+00 1.400000000000000000e+01 8.089871210000000000e+08 0.000000000000000000e+00 0.000000000000000000e+00 nan 6.728000000000000000e+03 0.000000000000000000e+00
9.000000000000000000e+00 1.500000000000000000e+01 8.084742310000000000e+08 0.000000000000000000e+00 0.000000000000000000e+00 nan 1.480000000000000000e+03 0.000000000000000000e+00
9.000000000000000000e+00 1.600000000000000000e+01 8.095032990000000000e+08 0.000000000000000000e+00 0.000000000000000000e+00 nan 6.738000000000000000e+03 0.000000000000000000e+00
9.000000000000000000e+00 1.700000000000000000e+01 8.089725860000000000e+08 0.000000000000000000e+00 0.000000000000000000e+00 nan 7.681000000000000000e+03 0.000000000000000000e+00
1.000000000000000000e+01 1.000000000000000000e+00 8.089842070000000000e+08 0.000000000000000000e+00 0.000000000000000000e+00 nan 6.162000000000000000e+03 0.000000000000000000e+00
1.000000000000000000e+01 2.000000000000000000e+00 8.084742440000000000e+08 0.000000000000000000e+00 0.000000000000000000e+00 nan 4.636000000000000000e+03 0.000000000000000000e+00
1.000000000000000000e+01 3.000000000000000000e+00 8.089594030000000000e+08 0.000000000000000000e+00 0.000000000000000000e+00 nan 4.554000000000000000e+03 0.000000000000000000e+00
1.000000000000000000e+01 4.000000000000000000e+00 8.089643220000000000e+08 0.000000000000000000e+00 0.000000000000000000e+00 nan 1.775000000000000000e+03 0.000000000000000000e+00
1.000000000000000000e+01 5.000000000000000000e+00 8.095388050000000000e+08 0.000000000000000000e+00 0.000000000000000000e+00 nan 1.948000000000000000e+03 0.000000000000000000e+00
1.000000000000000000e+01 6.000000000000000000e+00 8.064688340000000000e+08 0.000000000000000000e+00 0.000000000000000000e+00 nan 3.286000000000000000e+03 0.000000000000000000e+00
1.000000000000000000e+01 7.000000000000000000e+00 8.089649250000000000e+08 0.000000000000000000e+00 0.000000000000000000e+00 nan 1.549800000000000000e+04 0.000000000000000000e+00
1.000000000000000000e+01 8.000000000000000000e+00 8.084742430000000000e+08 0.000000000000000000e+00 0.000000000000000000e+00 nan 1.284000000000000000e+04 0.000000000000000000e+00
1.000000000000000000e+01 9.000000000000000000e+00 8.084470660000000000e+08 0.000000000000000000e+00 0.000000000000000000e+00 nan 1.278600000000000000e+04 0.000000000000000000e+00
1.000000000000000000e+01 1.000000000000000000e+01 8.089786460000000000e+08 0.000000000000000000e+00 0.000000000000000000e+00 nan 1.283200000000000000e+04 0.000000000000000000e+00
1.000000000000000000e+01 1.100000000000000000e+01 8.089847170000000000e+08 0.000000000000000000e+00 0.000000000000000000e+00 nan 7.558000000000000000e+03 0.000000000000000000e+00
1.000000000000000000e+01 1.200000000000000000e+01 8.089846620000000000e+08 0.000000000000000000e+00 0.000000000000000000e+00 nan 9.618000000000000000e+03 0.000000000000000000e+00
1.000000000000000000e+01 1.300000000000000000e+01 8.089499900000000000e+08 0.000000000000000000e+00 0.000000000000000000e+00 nan 9.756000000000000000e+03 0.000000000000000000e+00
1.000000000000000000e+01 1.400000000000000000e+01 8.089813690000000000e+08 0.000000000000000000e+00 0.000000000000000000e+00 nan 7.528000000000000000e+03 0.000000000000000000e+00
1.000000000000000000e+01 1.500000000000000000e+01 8.084746020000000000e+08 0.000000000000000000e+00 0.000000000000000000e+00 nan 9.748000000000000000e+03 0.000000000000000000e+00
1.000000000000000000e+01 1.600000000000000000e+01 8.089770150000000000e+08 0.000000000000000000e+00 0.000000000000000000e+00 nan 3.606000000000000000e+03 0.000000000000000000e+00
1.000000000000000000e+01 1.700000000000000000e+01 8.089617160000000000e+08 0.000000000000000000e+00 0.000000000000000000e+00 nan 3.033000000000000000e+03 0.000000000000000000e+00
1.000000000000000000e+01 1.800000000000000000e+01 8.084804860000000000e+08 0.000000000000000000e+00 0.000000000000000000e+00 nan 3.562000000000000000e+03 0.000000000000000000e+00
1.100000000000000000e+01 2.000000000000000000e+00 8.089857960000000000e+08 0.000000000000000000e+00 0.000000000000000000e+00 nan 1.361000000000000000e+04 0.000000000000000000e+00
1.100000000000000000e+01 3.000000000000000000e+00 8.089649130000000000e+08 0.000000000000000000e+00 0.000000000000000000e+00 nan 9.449000000000000000e+03 0.000000000000000000e+00
1.100000000000000000e+01 4.000000000000000000e+00 8.084470520000000000e+08 0.000000000000000000e+00 0.000000000000000000e+00 nan 1.199900000000000000e+04 0.000000000000000000e+00
1.100000000000000000e+01 5.000000000000000000e+00 8.089739360000000000e+08 0.000000000000000000e+00 0.000000000000000000e+00 nan 1.372300000000000000e+04 0.000000000000000000e+00
1.100000000000000000e+01 6.000000000000000000e+00 8.089603300000000000e+08 0.000000000000000000e+00 0.000000000000000000e+00 nan 1.150900000000000000e+04 0.000000000000000000e+00
1.100000000000000000e+01 7.000000000000000000e+00 8.089649320000000000e+08 0.000000000000000000e+00 0.000000000000000000e+00 nan 1.220200000000000000e+04 0.000000000000000000e+00
1.100000000000000000e+01 8.000000000000000000e+00 8.089750100000000000e+08 0.000000000000000000e+00 0.000000000000000000e+00 nan 1.151400000000000000e+04 0.000000000000000000e+00
1.100000000000000000e+01 9.000000000000000000e+00 8.089785570000000000e+08 0.000000000000000000e+00 0.000000000000000000e+00 nan 4.398000000000000000e+03 0.000000000000000000e+00
1.100000000000000000e+01 1.100000000000000000e+01 8.089864220000000000e+08 0.000000000000000000e+00 0.000000000000000000e+00 nan 5.825000000000000000e+03 0.000000000000000000e+00
1.100000000000000000e+01 1.200000000000000000e+01 8.095206520000000000e+08 0.000000000000000000e+00 0.000000000000000000e+00 nan 5.360000000000000000e+02 0.000000000000000000e+00
1.100000000000000000e+01 1.400000000000000000e+01 8.089762060000000000e+08 0.000000000000000000e+00 0.000000000000000000e+00 nan 8.879000000000000000e+03 0.000000000000000000e+00
1.100000000000000000e+01 1.500000000000000000e+01 8.084805250000000000e+08 0.000000000000000000e+00 0.000000000000000000e+00 nan 8.872000000000000000e+03 0.000000000000000000e+00
1.100000000000000000e+01 1.600000000000000000e+01 8.089583220000000000e+08 0.000000000000000000e+00 0.000000000000000000e+00 nan 1.137700000000000000e+04 0.000000000000000000e+00
1.100000000000000000e+01 1.700000000000000000e+01 8.084406910000000000e+08 0.000000000000000000e+00 0.000000000000000000e+00 nan 1.226500000000000000e+04 0.000000000000000000e+00
1.100000000000000000e+01 1.800000000000000000e+01 8.089726050000000000e+08 0.000000000000000000e+00 0.000000000000000000e+00 nan 1.421000000000000000e+04 0.000000000000000000e+00
1.200000000000000000e+01 1.000000000000000000e+00 8.095386600000000000e+08 0.000000000000000000e+00 0.000000000000000000e+00 nan 2.101000000000000000e+03 0.000000000000000000e+00
1.200000000000000000e+01 2.000000000000000000e+00 8.089984010000000000e+08 0.000000000000000000e+00 0.000000000000000000e+00 nan 9.200000000000000000e+02 0.000000000000000000e+00
1.200000000000000000e+01 3.000000000000000000e+00 8.089846100000000000e+08 0.000000000000000000e+00 0.000000000000000000e+00 nan 2.122000000000000000e+03 0.000000000000000000e+00
1.200000000000000000e+01 4.000000000000000000e+00 8.084328230000000000e+08 0.000000000000000000e+00 0.000000000000000000e+00 nan 1.164000000000000000e+04 0.000000000000000000e+00
1.200000000000000000e+01 5.000000000000000000e+00 8.084437330000000000e+08 0.000000000000000000e+00 0.000000000000000000e+00 nan 1.161800000000000000e+04 0.000000000000000000e+00
1.200000000000000000e+01 6.000000000000000000e+00 8.084555170000000000e+08 0.000000000000000000e+00 0.000000000000000000e+00 nan 1.164800000000000000e+04 0.000000000000000000e+00
1.200000000000000000e+01 7.000000000000000000e+00 8.089713050000000000e+08 0.000000000000000000e+00 0.000000000000000000e+00 nan 1.219800000000000000e+04 0.000000000000000000e+00
1.200000000000000000e+01 8.000000000000000000e+00 8.089475050000000000e+08 0.000000000000000000e+00 0.000000000000000000e+00 nan 1.011800000000000000e+04 0.000000000000000000e+00
1.200000000000000000e+01 9.000000000000000000e+00 8.089811210000000000e+08 0.000000000000000000e+00 0.000000000000000000e+00 nan 1.220300000000000000e+04 0.000000000000000000e+00
1.200000000000000000e+01 1.000000000000000000e+01 8.089719360000000000e+08 0.000000000000000000e+00 0.000000000000000000e+00 nan 1.472900000000000000e+04 0.000000000000000000e+00
1.200000000000000000e+01 1.100000000000000000e+01 8.089762320000000000e+08 0.000000000000000000e+00 0.000000000000000000e+00 nan 1.465100000000000000e+04 0.000000000000000000e+00
1.200000000000000000e+01 1.300000000000000000e+01 8.084767250000000000e+08 0.000000000000000000e+00 0.000000000000000000e+00 nan 9.790000000000000000e+03 0.000000000000000000e+00
1.200000000000000000e+01 1.400000000000000000e+01 8.084745930000000000e+08 0.000000000000000000e+00 0.000000000000000000e+00 nan 1.526900000000000000e+04 0.000000000000000000e+00
1.200000000000000000e+01 1.500000000000000000e+01 8.089815030000000000e+08 0.000000000000000000e+00 0.000000000000000000e+00 nan 7.947000000000000000e+03 0.000000000000000000e+00
1.200000000000000000e+01 1.600000000000000000e+01 8.089648760000000000e+08 0.000000000000000000e+00 0.000000000000000000e+00 nan 7.923000000000000000e+03 0.000000000000000000e+00
1.200000000000000000e+01 1.700000000000000000e+01 8.089585880000000000e+08 0.000000000000000000e+00 0.000000000000000000e+00 nan 1.019900000000000000e+04 0.000000000000000000e+00
1.200000000000000000e+01 1.800000000000000000e+01 8.064515840000000000e+08 0.000000000000000000e+00 0.000000000000000000e+00 nan 1.385900000000000000e+04 0.000000000000000000e+00
1.300000000000000000e+01 1.000000000000000000e+00 8.090031610000000000e+08 0.000000000000000000e+00 0.000000000000000000e+00 nan 1.026600000000000000e+04 0.000000000000000000e+00
1.300000000000000000e+01 3.000000000000000000e+00 8.089723460000000000e+08 0.000000000000000000e+00 0.000000000000000000e+00 nan 1.409600000000000000e+04 0.000000000000000000e+00
1.300000000000000000e+01 4.000000000000000000e+00 8.084653420000000000e+08 0.000000000000000000e+00 0.000000000000000000e+00 nan 8.827000000000000000e+03 0.000000000000000000e+00
1.300000000000000000e+01 5.000000000000000000e+00 8.089604520000000000e+08 0.000000000000000000e+00 0.000000000000000000e+00 nan 1.296000000000000000e+04 0.000000000000000000e+00
1.300000000000000000e+01 6.000000000000000000e+00 8.089719370000000000e+08 0.000000000000000000e+00 0.000000000000000000e+00 nan 1.130900000000000000e+04 0.000000000000000000e+00
1.300000000000000000e+01 7.000000000000000000e+00 8.089870050000000000e+08 0.000000000000000000e+00 0.000000000000000000e+00 nan 8.130000000000000000e+03 0.000000000000000000e+00
1.300000000000000000e+01 8.000000000000000000e+00 8.089812110000000000e+08 0.000000000000000000e+00 0.000000000000000000e+00 nan 1.334900000000000000e+04 0.000000000000000000e+00
1.300000000000000000e+01 9.000000000000000000e+00 8.064595970000000000e+08 0.000000000000000000e+00 0.000000000000000000e+00 nan 7.785000000000000000e+03 0.000000000000000000e+00
1.300000000000000000e+01 1.000000000000000000e+01 8.089524990000000000e+08 0.000000000000000000e+00 0.000000000000000000e+00 nan 1.385500000000000000e+04 0.000000000000000000e+00
1.300000000000000000e+01 1.100000000000000000e+01 8.089930890000000000e+08 0.000000000000000000e+00 0.000000000000000000e+00 nan 1.247700000000000000e+04 0.000000000000000000e+00
1.300000000000000000e+01 1.200000000000000000e+01 8.089818390000000000e+08 0.000000000000000000e+00 0.000000000000000000e+00 nan 8.010000000000000000e+03 0.000000000000000000e+00
1.300000000000000000e+01 1.300000000000000000e+01 8.089585910000000000e+08 0.000000000000000000e+00 0.000000000000000000e+00 nan 1.130500000000000000e+04 0.000000000000000000e+00
1.300000000000000000e+01 1.500000000000000000e+01 8.095208190000000000e+08 0.000000000000000000e+00 0.000000000000000000e+00 nan 1.409900000000000000e+04 0.000000000000000000e+00
1.300000000000000000e+01 1.600000000000000000e+01 8.089716300000000000e+08 0.000000000000000000e+00 0.000000000000000000e+00 nan 1.379600000000000000e+04 0.000000000000000000e+00
1.300000000000000000e+01 1.700000000000000000e+01 8.089583720000000000e+08 0.000000000000000000e+00 0.000000000000000000e+00 nan 1.376400000000000000e+04 0.000000000000000000e+00
1.300000000000000000e+01 1.800000000000000000e+01 8.089573780000000000e+08 0.000000000000000000e+00 0.000000000000000000e+00 nan 1.121500000000000000e+04 0.000000000000000000e+00
1.400000000000000000e+01 1.000000000000000000e+00 8.089899100000000000e+08 0.000000000000000000e+00 0.000000000000000000e+00 nan 1.204900000000000000e+04 0.000000000000000000e+00
1.400000000000000000e+01 2.000000000000000000e+00 8.089724570000000000e+08 0.000000000000000000e+00 0.000000000000000000e+00 nan 1.136900000000000000e+04 0.000000000000000000e+00
1.400000000000000000e+01 3.000000000000000000e+00 8.084470940000000000e+08 0.000000000000000000e+00 0.000000000000000000e+00 nan 1.363300000000000000e+04 0.000000000000000000e+00
1.400000000000000000e+01 4.000000000000000000e+00 8.089597310000000000e+08 0.000000000000000000e+00 0.000000000000000000e+00 nan 1.199400000000000000e+04 0.000000000000000000e+00
1.400000000000000000e+01 5.000000000000000000e+00 8.089799130000000000e+08 0.000000000000000000e+00 0.000000000000000000e+00 nan 1.447700000000000000e+04 0.000000000000000000e+00
1.400000000000000000e+01 6.000000000000000000e+00 8.084852500000000000e+08 0.000000000000000000e+00 0.000000000000000000e+00 nan 1.449500000000000000e+04 0.000000000000000000e+00
1.400000000000000000e+01 7.000000000000000000e+00 8.084517820000000000e+08 0.000000000000000000e+00 0.000000000000000000e+00 nan 1.261000000000000000e+04 0.000000000000000000e+00
1.400000000000000000e+01 9.000000000000000000e+00 8.084703730000000000e+08 0.000000000000000000e+00 0.000000000000000000e+00 nan 1.016500000000000000e+04 0.000000000000000000e+00
1.400000000000000000e+01 1.000000000000000000e+01 8.089612610000000000e+08 0.000000000000000000e+00 0.000000000000000000e+00 nan 1.262200000000000000e+04 0.000000000000000000e+00
1.400000000000000000e+01 1.100000000000000000e+01 8.089762330000000000e+08 0.000000000000000000e+00 0.000000000000000000e+00 nan 8.626000000000000000e+03 0.000000000000000000e+00
1.400000000000000000e+01 1.200000000000000000e+01 8.089858030000000000e+08 0.000000000000000000e+00 0.000000000000000000e+00 nan 1.491800000000000000e+04 0.000000000000000000e+00
1.400000000000000000e+01 1.300000000000000000e+01 8.089762650000000000e+08 0.000000000000000000e+00 0.000000000000000000e+00 nan 1.211600000000000000e+04 0.000000000000000000e+00
1.400000000000000000e+01 1.400000000000000000e+01 8.064812180000000000e+08 0.000000000000000000e+00 0.000000000000000000e+00 nan 1.390400000000000000e+04 0.000000000000000000e+00
1.400000000000000000e+01 1.500000000000000000e+01 8.064833620000000000e+08 0.000000000000000000e+00 0.000000000000000000e+00 nan 1.388600000000000000e+04 0.000000000000000000e+00
1.400000000000000000e+01 1.600000000000000000e+01 8.089761600000000000e+08 0.000000000000000000e+00 0.000000000000000000e+00 nan 1.368700000000000000e+04 0.000000000000000000e+00
1.400000000000000000e+01 1.700000000000000000e+01 8.089763520000000000e+08 0.000000000000000000e+00 0.000000000000000000e+00 nan 8.678000000000000000e+03 0.000000000000000000e+00
1.400000000000000000e+01 1.800000000000000000e+01 8.089763190000000000e+08 0.000000000000000000e+00 0.000000000000000000e+00 nan 1.369300000000000000e+04 0.000000000000000000e+00
1.500000000000000000e+01 1.000000000000000000e+00 8.173181040000000000e+08 0.000000000000000000e+00 3.070000000000000000e+02 1.022000000000000020e+00 2.759200000000000000e+04 1.000000000000000000e+00
1.500000000000000000e+01 2.000000000000000000e+00 8.089648080000000000e+08 0.000000000000000000e+00 0.000000000000000000e+00 nan 1.162100000000000000e+04 0.000000000000000000e+00
1.500000000000000000e+01 3.000000000000000000e+00 8.084471040000000000e+08 0.000000000000000000e+00 0.000000000000000000e+00 nan 1.419700000000000000e+04 0.000000000000000000e+00
1.500000000000000000e+01 4.000000000000000000e+00 8.089717660000000000e+08 0.000000000000000000e+00 0.000000000000000000e+00 nan 1.418700000000000000e+04 0.000000000000000000e+00
1.500000000000000000e+01 5.000000000000000000e+00 8.084516890000000000e+08 0.000000000000000000e+00 0.000000000000000000e+00 nan 8.110000000000000000e+03 0.000000000000000000e+00
1.500000000000000000e+01 6.000000000000000000e+00 8.089470030000000000e+08 0.000000000000000000e+00 0.000000000000000000e+00 nan 1.526000000000000000e+04 0.000000000000000000e+00
1.500000000000000000e+01 7.000000000000000000e+00 8.089988240000000000e+08 0.000000000000000000e+00 0.000000000000000000e+00 nan 9.175000000000000000e+03 0.000000000000000000e+00
1.500000000000000000e+01 8.000000000000000000e+00 8.089536590000000000e+08 0.000000000000000000e+00 0.000000000000000000e+00 nan 7.907000000000000000e+03 0.000000000000000000e+00
1.500000000000000000e+01 9.000000000000000000e+00 8.089762070000000000e+08 0.000000000000000000e+00 0.000000000000000000e+00 nan 7.583000000000000000e+03 0.000000000000000000e+00
1.500000000000000000e+01 1.100000000000000000e+01 8.089716330000000000e+08 0.000000000000000000e+00 0.000000000000000000e+00 nan 1.116600000000000000e+04 0.000000000000000000e+00
1.500000000000000000e+01 1.200000000000000000e+01 8.089838600000000000e+08 0.000000000000000000e+00 0.000000000000000000e+00 nan 1.104600000000000000e+04 0.000000000000000000e+00
1.500000000000000000e+01 1.300000000000000000e+01 8.084554930000000000e+08 0.000000000000000000e+00 0.000000000000000000e+00 nan 7.930000000000000000e+03 0.000000000000000000e+00
1.500000000000000000e+01 1.400000000000000000e+01 8.089762930000000000e+08 0.000000000000000000e+00 0.000000000000000000e+00 nan 1.166600000000000000e+04 0.000000000000000000e+00
1.500000000000000000e+01 1.500000000000000000e+01 8.089569260000000000e+08 0.000000000000000000e+00 0.000000000000000000e+00 nan 9.290000000000000000e+03 0.000000000000000000e+00
1.500000000000000000e+01 1.600000000000000000e+01 8.089762520000000000e+08 0.000000000000000000e+00 0.000000000000000000e+00 nan 9.933000000000000000e+03 0.000000000000000000e+00
1.500000000000000000e+01 1.700000000000000000e+01 8.089718030000000000e+08 0.000000000000000000e+00 0.000000000000000000e+00 nan 1.191100000000000000e+04 0.000000000000000000e+00
1.500000000000000000e+01 1.800000000000000000e+01 8.084743730000000000e+08 0.000000000000000000e+00 0.000000000000000000e+00 nan 1.323700000000000000e+04 0.000000000000000000e+00
1.600000000000000000e+01 1.000000000000000000e+00 8.176201920000000000e+08 0.000000000000000000e+00 2.200000000000000000e+02 1.048999999999999932e+00 2.527700000000000000e+04 1.000000000000000000e+00
1.600000000000000000e+01 2.000000000000000000e+00 8.175954250000000000e+08 0.000000000000000000e+00 2.270000000000000000e+02 1.044000000000000039e+00 2.281700000000000000e+04 1.000000000000000000e+00
1.600000000000000000e+01 4.000000000000000000e+00 8.176125590000000000e+08 0.000000000000000000e+00 3.230000000000000000e+02 9.939999999999999947e-01 2.529100000000000000e+04 1.000000000000000000e+00
1.600000000000000000e+01 5.000000000000000000e+00 8.175651730000000000e+08 0.000000000000000000e+00 3.550000000000000000e+02 0.000000000000000000e+00 2.528800000000000000e+04 1.000000000000000000e+00
1.600000000000000000e+01 6.000000000000000000e+00 8.176201930000000000e+08 0.000000000000000000e+00 4.400000000000000000e+02 1.040000000000000036e+00 2.538500000000000000e+04 1.000000000000000000e+00
1.600000000000000000e+01 7.000000000000000000e+00 8.175972120000000000e+08 0.000000000000000000e+00 4.340000000000000000e+02 1.022000000000000020e+00 2.282000000000000000e+04 1.000000000000000000e+00
1.600000000000000000e+01 8.000000000000000000e+00 8.176064600000000000e+08 0.000000000000000000e+00 4.100000000000000000e+02 0.000000000000000000e+00 2.228800000000000000e+04 1.000000000000000000e+00
1.600000000000000000e+01 9.000000000000000000e+00 8.175838900000000000e+08 0.000000000000000000e+00 4.360000000000000000e+02 0.000000000000000000e+00 2.228900000000000000e+04 1.000000000000000000e+00
1.600000000000000000e+01 1.100000000000000000e+01 8.175697190000000000e+08 0.000000000000000000e+00 5.380000000000000000e+02 1.125000000000000000e+00 1.980300000000000000e+04 1.000000000000000000e+00
1.600000000000000000e+01 1.200000000000000000e+01 8.176164300000000000e+08 0.000000000000000000e+00 6.050000000000000000e+02 1.131000000000000005e+00 1.725600000000000000e+04 1.000000000000000000e+00
1.600000000000000000e+01 1.300000000000000000e+01 8.175953730000000000e+08 0.000000000000000000e+00 6.440000000000000000e+02 1.137000000000000011e+00 1.981200000000000000e+04 1.000000000000000000e+00
1.600000000000000000e+01 1.400000000000000000e+01 8.175657690000000000e+08 0.000000000000000000e+00 6.100000000000000000e+02 1.120999999999999996e+00 2.431000000000000000e+04 1.000000000000000000e+00
1.600000000000000000e+01 1.500000000000000000e+01 8.176164290000000000e+08 0.000000000000000000e+00 6.120000000000000000e+02 9.100000000000000311e-01 2.230800000000000000e+04 1.000000000000000000e+00
1.600000000000000000e+01 1.600000000000000000e+01 8.175954280000000000e+08 0.000000000000000000e+00 5.870000000000000000e+02 1.044999999999999929e+00 2.528900000000000000e+04 1.000000000000000000e+00
1.600000000000000000e+01 1.700000000000000000e+01 8.175972300000000000e+08 0.000000000000000000e+00 4.960000000000000000e+02 9.459999999999999520e-01 1.979800000000000000e+04 1.000000000000000000e+00
1.600000000000000000e+01 1.800000000000000000e+01 8.175657540000000000e+08 0.000000000000000000e+00 4.720000000000000000e+02 1.024000000000000021e+00 2.525800000000000000e+04 1.000000000000000000e+00
1.900000000000000000e+01 1.000000000000000000e+00 8.084378700000000000e+08 0.000000000000000000e+00 0.000000000000000000e+00 nan 2.580000000000000000e+03 0.000000000000000000e+00
1.900000000000000000e+01 2.000000000000000000e+00 8.089919790000000000e+08 0.000000000000000000e+00 0.000000000000000000e+00 nan 2.985000000000000000e+03 0.000000000000000000e+00
1.900000000000000000e+01 3.000000000000000000e+00 8.095244370000000000e+08 0.000000000000000000e+00 0.000000000000000000e+00 nan 5.218000000000000000e+03 0.000000000000000000e+00
1.900000000000000000e+01 4.000000000000000000e+00 8.089987070000000000e+08 0.000000000000000000e+00 0.000000000000000000e+00 nan 1.583700000000000000e+04 0.000000000000000000e+00
1.900000000000000000e+01 5.000000000000000000e+00 8.090076380000000000e+08 0.000000000000000000e+00 0.000000000000000000e+00 nan 2.984000000000000000e+03 0.000000000000000000e+00
1.900000000000000000e+01 6.000000000000000000e+00 8.089662840000000000e+08 0.000000000000000000e+00 0.000000000000000000e+00 nan 5.907000000000000000e+03 0.000000000000000000e+00
1.900000000000000000e+01 7.000000000000000000e+00 8.089775150000000000e+08 0.000000000000000000e+00 0.000000000000000000e+00 nan 1.500300000000000000e+04 0.000000000000000000e+00
1.900000000000000000e+01 8.000000000000000000e+00 8.089870750000000000e+08 0.000000000000000000e+00 0.000000000000000000e+00 nan 1.502600000000000000e+04 0.000000000000000000e+00
1.900000000000000000e+01 9.000000000000000000e+00 8.089820420000000000e+08 0.000000000000000000e+00 0.000000000000000000e+00 nan 1.207900000000000000e+04 0.000000000000000000e+00
1.900000000000000000e+01 1.000000000000000000e+01 8.089613960000000000e+08 0.000000000000000000e+00 0.000000000000000000e+00 nan 1.210900000000000000e+04 0.000000000000000000e+00
1.900000000000000000e+01 1.100000000000000000e+01 8.089825710000000000e+08 0.000000000000000000e+00 0.000000000000000000e+00 nan 1.187700000000000000e+04 0.000000000000000000e+00
1.900000000000000000e+01 1.200000000000000000e+01 8.084437280000000000e+08 0.000000000000000000e+00 0.000000000000000000e+00 nan 1.188000000000000000e+04 0.000000000000000000e+00
1.900000000000000000e+01 1.400000000000000000e+01 8.084470810000000000e+08 0.000000000000000000e+00 0.000000000000000000e+00 nan 8.500000000000000000e+03 0.000000000000000000e+00
1.900000000000000000e+01 1.500000000000000000e+01 8.084891050000000000e+08 0.000000000000000000e+00 0.000000000000000000e+00 nan 1.188800000000000000e+04 0.000000000000000000e+00
1.900000000000000000e+01 1.600000000000000000e+01 8.089648950000000000e+08 0.000000000000000000e+00 0.000000000000000000e+00 nan 1.189300000000000000e+04 0.000000000000000000e+00
1.900000000000000000e+01 1.700000000000000000e+01 8.089820060000000000e+08 0.000000000000000000e+00 0.000000000000000000e+00 nan 8.288000000000000000e+03 0.000000000000000000e+00
1.900000000000000000e+01 1.800000000000000000e+01 8.095487970000000000e+08 0.000000000000000000e+00 0.000000000000000000e+00 nan 1.310200000000000000e+04 0.000000000000000000e+00
2.000000000000000000e+01 1.000000000000000000e+00 8.084917940000000000e+08 0.000000000000000000e+00 3.560000000000000000e+02 1.012999999999999901e+00 2.137000000000000000e+04 1.000000000000000000e+00
2.000000000000000000e+01 2.000000000000000000e+00 8.084695560000000000e+08 0.000000000000000000e+00 4.560000000000000000e+02 9.859999999999999876e-01 2.135200000000000000e+04 1.000000000000000000e+00
2.000000000000000000e+01 3.000000000000000000e+00 8.089726870000000000e+08 0.000000000000000000e+00 5.260000000000000000e+02 1.078000000000000069e+00 2.135900000000000000e+04 1.000000000000000000e+00
2.000000000000000000e+01 4.000000000000000000e+00 8.064651100000000000e+08 0.000000000000000000e+00 5.180000000000000000e+02 1.026000000000000023e+00 2.165800000000000000e+04 1.000000000000000000e+00
2.000000000000000000e+01 5.000000000000000000e+00 8.089790690000000000e+08 0.000000000000000000e+00 5.770000000000000000e+02 1.038999999999999924e+00 2.135700000000000000e+04 1.000000000000000000e+00
2.000000000000000000e+01 6.000000000000000000e+00 8.089871080000000000e+08 0.000000000000000000e+00 6.360000000000000000e+02 1.022999999999999909e+00 2.004600000000000000e+04 1.000000000000000000e+00
2.000000000000000000e+01 7.000000000000000000e+00 8.084906900000000000e+08 0.000000000000000000e+00 7.030000000000000000e+02 1.106000000000000094e+00 2.035200000000000000e+04 1.000000000000000000e+00
2.000000000000000000e+01 8.000000000000000000e+00 8.089589230000000000e+08 0.000000000000000000e+00 6.250000000000000000e+02 9.000000000000000222e-01 2.139400000000000000e+04 1.000000000000000000e+00
2.000000000000000000e+01 9.000000000000000000e+00 8.089919600000000000e+08 0.000000000000000000e+00 6.330000000000000000e+02 1.094000000000000083e+00 1.997500000000000000e+04 1.000000000000000000e+00
2.000000000000000000e+01 1.000000000000000000e+01 8.084370920000000000e+08 0.000000000000000000e+00 5.880000000000000000e+02 1.002999999999999892e+00 2.140200000000000000e+04 1.000000000000000000e+00
2.000000000000000000e+01 1.200000000000000000e+01 8.089747260000000000e+08 0.000000000000000000e+00 6.550000000000000000e+02 9.679999999999999716e-01 2.140600000000000000e+04 1.000000000000000000e+00
2.000000000000000000e+01 1.300000000000000000e+01 8.095387690000000000e+08 0.000000000000000000e+00 7.560000000000000000e+02 1.018999999999999906e+00 1.998500000000000000e+04 1.000000000000000000e+00
2.000000000000000000e+01 1.400000000000000000e+01 8.095487940000000000e+08 0.000000000000000000e+00 7.240000000000000000e+02 1.020000000000000018e+00 2.133400000000000000e+04 1.000000000000000000e+00
2.000000000000000000e+01 1.500000000000000000e+01 8.064630470000000000e+08 0.000000000000000000e+00 7.070000000000000000e+02 1.054999999999999938e+00 2.063600000000000000e+04 1.000000000000000000e+00
2.000000000000000000e+01 1.600000000000000000e+01 8.089567970000000000e+08 0.000000000000000000e+00 7.530000000000000000e+02 1.048999999999999932e+00 2.134600000000000000e+04 1.000000000000000000e+00
2.000000000000000000e+01 1.700000000000000000e+01 8.089819130000000000e+08 0.000000000000000000e+00 6.350000000000000000e+02 9.609999999999999654e-01 1.985800000000000000e+04 1.000000000000000000e+00
2.000000000000000000e+01 1.800000000000000000e+01 8.089796920000000000e+08 0.000000000000000000e+00 5.070000000000000000e+02 9.839999999999999858e-01 1.997300000000000000e+04 1.000000000000000000e+00
2.100000000000000000e+01 1.000000000000000000e+00 8.190065350000000000e+08 0.000000000000000000e+00 0.000000000000000000e+00 nan 5.540000000000000000e+02 0.000000000000000000e+00
2.100000000000000000e+01 3.000000000000000000e+00 8.173338530000000000e+08 0.000000000000000000e+00 4.160000000000000000e+02 1.139999999999999902e+00 2.804600000000000000e+04 1.000000000000000000e+00
2.100000000000000000e+01 4.000000000000000000e+00 8.178012820000000000e+08 0.000000000000000000e+00 0.000000000000000000e+00 nan 2.180000000000000000e+02 0.000000000000000000e+00
2.100000000000000000e+01 5.000000000000000000e+00 8.169641220000000000e+08 0.000000000000000000e+00 5.070000000000000000e+02 1.074000000000000066e+00 2.064300000000000000e+04 1.000000000000000000e+00
2.100000000000000000e+01 6.000000000000000000e+00 8.089763510000000000e+08 0.000000000000000000e+00 4.570000000000000000e+02 9.140000000000000346e-01 2.897700000000000000e+04 1.000000000000000000e+00
2.100000000000000000e+01 7.000000000000000000e+00 8.178042280000000000e+08 0.000000000000000000e+00 0.000000000000000000e+00 nan 3.350000000000000000e+02 0.000000000000000000e+00
2.100000000000000000e+01 8.000000000000000000e+00 8.169299140000000000e+08 0.000000000000000000e+00 6.130000000000000000e+02 1.016999999999999904e+00 2.033100000000000000e+04 1.000000000000000000e+00
2.100000000000000000e+01 9.000000000000000000e+00 8.173023830000000000e+08 0.000000000000000000e+00 6.270000000000000000e+02 9.989999999999999991e-01 2.945200000000000000e+04 1.000000000000000000e+00
2.100000000000000000e+01 1.000000000000000000e+01 8.178023740000000000e+08 0.000000000000000000e+00 0.000000000000000000e+00 nan 6.964000000000000000e+03 0.000000000000000000e+00
2.100000000000000000e+01 1.100000000000000000e+01 8.169191510000000000e+08 0.000000000000000000e+00 6.280000000000000000e+02 1.014000000000000012e+00 2.029000000000000000e+04 1.000000000000000000e+00
2.100000000000000000e+01 1.200000000000000000e+01 8.169299990000000000e+08 0.000000000000000000e+00 6.440000000000000000e+02 8.549999999999999822e-01 2.793000000000000000e+04 1.000000000000000000e+00
2.100000000000000000e+01 1.300000000000000000e+01 8.178022310000000000e+08 0.000000000000000000e+00 0.000000000000000000e+00 nan 4.348000000000000000e+03 0.000000000000000000e+00
2.100000000000000000e+01 1.400000000000000000e+01 8.169308090000000000e+08 0.000000000000000000e+00 6.770000000000000000e+02 1.018999999999999906e+00 1.997100000000000000e+04 1.000000000000000000e+00
2.100000000000000000e+01 1.500000000000000000e+01 8.169191540000000000e+08 0.000000000000000000e+00 7.000000000000000000e+02 1.022999999999999909e+00 2.788400000000000000e+04 1.000000000000000000e+00
2.100000000000000000e+01 1.600000000000000000e+01 8.190473880000000000e+08 0.000000000000000000e+00 0.000000000000000000e+00 nan 5.098000000000000000e+03 0.000000000000000000e+00
2.100000000000000000e+01 1.700000000000000000e+01 8.169785760000000000e+08 0.000000000000000000e+00 5.570000000000000000e+02 1.032000000000000028e+00 2.491000000000000000e+04 1.000000000000000000e+00
2.100000000000000000e+01 1.800000000000000000e+01 8.169435310000000000e+08 0.000000000000000000e+00 5.200000000000000000e+02 1.084999999999999964e+00 2.756700000000000000e+04 1.000000000000000000e+00
2.200000000000000000e+01 1.000000000000000000e+00 8.089825500000000000e+08 0.000000000000000000e+00 0.000000000000000000e+00 nan 5.586000000000000000e+03 0.000000000000000000e+00
2.200000000000000000e+01 2.000000000000000000e+00 8.090061750000000000e+08 0.000000000000000000e+00 0.000000000000000000e+00 nan 7.029000000000000000e+03 0.000000000000000000e+00
2.200000000000000000e+01 3.000000000000000000e+00 8.089648450000000000e+08 0.000000000000000000e+00 0.000000000000000000e+00 nan 4.704000000000000000e+03 0.000000000000000000e+00
2.200000000000000000e+01 4.000000000000000000e+00 8.089604760000000000e+08 0.000000000000000000e+00 0.000000000000000000e+00 nan 3.420000000000000000e+03 0.000000000000000000e+00
2.200000000000000000e+01 5.000000000000000000e+00 8.089785610000000000e+08 0.000000000000000000e+00 0.000000000000000000e+00 nan 1.220800000000000000e+04 0.000000000000000000e+00
2.200000000000000000e+01 6.000000000000000000e+00 8.089919470000000000e+08 0.000000000000000000e+00 0.000000000000000000e+00 nan 1.833000000000000000e+03 0.000000000000000000e+00
2.200000000000000000e+01 7.000000000000000000e+00 8.089870980000000000e+08 0.000000000000000000e+00 0.000000000000000000e+00 nan 1.363000000000000000e+03 0.000000000000000000e+00
2.200000000000000000e+01 8.000000000000000000e+00 8.089919670000000000e+08 0.000000000000000000e+00 0.000000000000000000e+00 nan 6.394000000000000000e+03 0.000000000000000000e+00
2.200000000000000000e+01 9.000000000000000000e+00 8.089879500000000000e+08 0.000000000000000000e+00 0.000000000000000000e+00 nan 5.984000000000000000e+03 0.000000000000000000e+00
2.200000000000000000e+01 1.000000000000000000e+01 8.089919550000000000e+08 0.000000000000000000e+00 0.000000000000000000e+00 nan 1.051600000000000000e+04 0.000000000000000000e+00
2.200000000000000000e+01 1.100000000000000000e+01 8.095034070000000000e+08 0.000000000000000000e+00 0.000000000000000000e+00 nan 7.432000000000000000e+03 0.000000000000000000e+00
2.200000000000000000e+01 1.200000000000000000e+01 8.095261220000000000e+08 0.000000000000000000e+00 0.000000000000000000e+00 nan 4.108000000000000000e+03 0.000000000000000000e+00
2.200000000000000000e+01 1.300000000000000000e+01 8.089500760000000000e+08 0.000000000000000000e+00 0.000000000000000000e+00 nan 8.620000000000000000e+02 0.000000000000000000e+00
2.200000000000000000e+01 1.400000000000000000e+01 8.089826080000000000e+08 0.000000000000000000e+00 0.000000000000000000e+00 nan 6.887000000000000000e+03 0.000000000000000000e+00
2.200000000000000000e+01 1.500000000000000000e+01 8.084303460000000000e+08 0.000000000000000000e+00 0.000000000000000000e+00 nan 4.143000000000000000e+03 0.000000000000000000e+00
2.200000000000000000e+01 1.600000000000000000e+01 8.084693990000000000e+08 0.000000000000000000e+00 0.000000000000000000e+00 nan 1.700000000000000000e+03 0.000000000000000000e+00
2.200000000000000000e+01 1.700000000000000000e+01 8.089845980000000000e+08 0.000000000000000000e+00 0.000000000000000000e+00 nan 5.547000000000000000e+03 0.000000000000000000e+00
2.200000000000000000e+01 1.800000000000000000e+01 8.089771120000000000e+08 0.000000000000000000e+00 0.000000000000000000e+00 nan 6.602000000000000000e+03 0.000000000000000000e+00
2.300000000000000000e+01 1.000000000000000000e+00 8.089863920000000000e+08 0.000000000000000000e+00 0.000000000000000000e+00 nan 1.553200000000000000e+04 0.000000000000000000e+00
2.300000000000000000e+01 2.000000000000000000e+00 8.089790720000000000e+08 0.000000000000000000e+00 0.000000000000000000e+00 nan 1.228300000000000000e+04 0.000000000000000000e+00
2.300000000000000000e+01 3.000000000000000000e+00 8.089536660000000000e+08 0.000000000000000000e+00 0.000000000000000000e+00 nan 1.157500000000000000e+04 0.000000000000000000e+00
2.300000000000000000e+01 4.000000000000000000e+00 8.089573900000000000e+08 0.000000000000000000e+00 0.000000000000000000e+00 nan 1.402200000000000000e+04 0.000000000000000000e+00
2.300000000000000000e+01 5.000000000000000000e+00 8.095387930000000000e+08 0.000000000000000000e+00 0.000000000000000000e+00 nan 6.817000000000000000e+03 0.000000000000000000e+00
2.300000000000000000e+01 7.000000000000000000e+00 8.089676950000000000e+08 0.000000000000000000e+00 0.000000000000000000e+00 nan 7.847000000000000000e+03 0.000000000000000000e+00
2.300000000000000000e+01 8.000000000000000000e+00 8.084852470000000000e+08 0.000000000000000000e+00 0.000000000000000000e+00 nan 1.037500000000000000e+04 0.000000000000000000e+00
2.300000000000000000e+01 9.000000000000000000e+00 8.089595630000000000e+08 0.000000000000000000e+00 0.000000000000000000e+00 nan 9.714000000000000000e+03 0.000000000000000000e+00
2.300000000000000000e+01 1.000000000000000000e+01 8.089877890000000000e+08 0.000000000000000000e+00 0.000000000000000000e+00 nan 1.374900000000000000e+04 0.000000000000000000e+00
2.300000000000000000e+01 1.100000000000000000e+01 8.084767130000000000e+08 0.000000000000000000e+00 0.000000000000000000e+00 nan 1.543700000000000000e+04 0.000000000000000000e+00
2.300000000000000000e+01 1.200000000000000000e+01 8.064609140000000000e+08 0.000000000000000000e+00 0.000000000000000000e+00 nan 1.454800000000000000e+04 0.000000000000000000e+00
2.300000000000000000e+01 1.300000000000000000e+01 8.089660470000000000e+08 0.000000000000000000e+00 0.000000000000000000e+00 nan 7.805000000000000000e+03 0.000000000000000000e+00
2.300000000000000000e+01 1.400000000000000000e+01 8.089812230000000000e+08 0.000000000000000000e+00 0.000000000000000000e+00 nan 1.477500000000000000e+04 0.000000000000000000e+00
2.300000000000000000e+01 1.600000000000000000e+01 8.089946160000000000e+08 0.000000000000000000e+00 0.000000000000000000e+00 nan 7.646000000000000000e+03 0.000000000000000000e+00
2.300000000000000000e+01 1.800000000000000000e+01 8.084743610000000000e+08 0.000000000000000000e+00 0.000000000000000000e+00 nan 1.423900000000000000e+04 0.000000000000000000e+00
2.400000000000000000e+01 1.000000000000000000e+00 8.089811310000000000e+08 0.000000000000000000e+00 0.000000000000000000e+00 nan 1.090400000000000000e+04 0.000000000000000000e+00
2.400000000000000000e+01 2.000000000000000000e+00 8.064747910000000000e+08 0.000000000000000000e+00 0.000000000000000000e+00 nan 5.759000000000000000e+03 0.000000000000000000e+00
2.400000000000000000e+01 3.000000000000000000e+00 8.089919420000000000e+08 0.000000000000000000e+00 0.000000000000000000e+00 nan 9.980000000000000000e+02 0.000000000000000000e+00
2.400000000000000000e+01 4.000000000000000000e+00 8.089825380000000000e+08 0.000000000000000000e+00 0.000000000000000000e+00 nan 9.950000000000000000e+02 0.000000000000000000e+00
2.400000000000000000e+01 5.000000000000000000e+00 8.084888450000000000e+08 0.000000000000000000e+00 0.000000000000000000e+00 nan 1.003000000000000000e+03 0.000000000000000000e+00
2.400000000000000000e+01 6.000000000000000000e+00 8.089918960000000000e+08 0.000000000000000000e+00 0.000000000000000000e+00 nan 1.528000000000000000e+03 0.000000000000000000e+00
2.400000000000000000e+01 7.000000000000000000e+00 8.084770170000000000e+08 0.000000000000000000e+00 0.000000000000000000e+00 nan 5.370000000000000000e+03 0.000000000000000000e+00
2.400000000000000000e+01 8.000000000000000000e+00 8.089570440000000000e+08 0.000000000000000000e+00 0.000000000000000000e+00 nan 2.659000000000000000e+03 0.000000000000000000e+00
2.400000000000000000e+01 9.000000000000000000e+00 8.089816890000000000e+08 0.000000000000000000e+00 0.000000000000000000e+00 nan 4.879000000000000000e+03 0.000000000000000000e+00
2.400000000000000000e+01 1.000000000000000000e+01 8.089614890000000000e+08 0.000000000000000000e+00 0.000000000000000000e+00 nan 4.869000000000000000e+03 0.000000000000000000e+00
2.400000000000000000e+01 1.100000000000000000e+01 8.084470250000000000e+08 0.000000000000000000e+00 0.000000000000000000e+00 nan 1.549000000000000000e+03 0.000000000000000000e+00
2.400000000000000000e+01 1.200000000000000000e+01 8.084931060000000000e+08 0.000000000000000000e+00 0.000000000000000000e+00 nan 7.704000000000000000e+03 0.000000000000000000e+00
2.400000000000000000e+01 1.400000000000000000e+01 8.089818660000000000e+08 0.000000000000000000e+00 0.000000000000000000e+00 nan 6.072000000000000000e+03 0.000000000000000000e+00
2.400000000000000000e+01 1.600000000000000000e+01 8.084611970000000000e+08 0.000000000000000000e+00 0.000000000000000000e+00 nan 6.074000000000000000e+03 0.000000000000000000e+00
2.400000000000000000e+01 1.700000000000000000e+01 8.090007130000000000e+08 0.000000000000000000e+00 0.000000000000000000e+00 nan 6.063000000000000000e+03 0.000000000000000000e+00
2.400000000000000000e+01 1.800000000000000000e+01 8.084745780000000000e+08 0.000000000000000000e+00 0.000000000000000000e+00 nan 6.556000000000000000e+03 0.000000000000000000e+00
2.500000000000000000e+01 1.000000000000000000e+00 8.173190040000000000e+08 0.000000000000000000e+00 4.010000000000000000e+02 1.034999999999999920e+00 4.077400000000000000e+04 1.000000000000000000e+00
2.500000000000000000e+01 2.000000000000000000e+00 8.169191420000000000e+08 0.000000000000000000e+00 0.000000000000000000e+00 nan 1.354600000000000000e+04 0.000000000000000000e+00
2.500000000000000000e+01 3.000000000000000000e+00 8.178022190000000000e+08 0.000000000000000000e+00 0.000000000000000000e+00 nan 2.140000000000000000e+02 0.000000000000000000e+00
2.500000000000000000e+01 4.000000000000000000e+00 8.169284050000000000e+08 0.000000000000000000e+00 5.820000000000000000e+02 1.082000000000000073e+00 2.943300000000000000e+04 1.000000000000000000e+00
2.500000000000000000e+01 5.000000000000000000e+00 8.089593980000000000e+08 0.000000000000000000e+00 5.920000000000000000e+02 1.052000000000000046e+00 2.727500000000000000e+04 1.000000000000000000e+00
2.500000000000000000e+01 6.000000000000000000e+00 8.190057660000000000e+08 0.000000000000000000e+00 0.000000000000000000e+00 nan 4.130000000000000000e+02 0.000000000000000000e+00
2.500000000000000000e+01 8.000000000000000000e+00 8.173358090000000000e+08 0.000000000000000000e+00 6.570000000000000000e+02 1.064000000000000057e+00 2.728000000000000000e+04 1.000000000000000000e+00
2.500000000000000000e+01 9.000000000000000000e+00 8.178022100000000000e+08 0.000000000000000000e+00 0.000000000000000000e+00 nan 3.330000000000000000e+03 0.000000000000000000e+00
2.500000000000000000e+01 1.000000000000000000e+01 8.169190710000000000e+08 0.000000000000000000e+00 7.600000000000000000e+02 1.139999999999999902e+00 2.771300000000000000e+04 1.000000000000000000e+00
2.500000000000000000e+01 1.100000000000000000e+01 8.169197010000000000e+08 0.000000000000000000e+00 7.350000000000000000e+02 1.038000000000000034e+00 2.895300000000000000e+04 1.000000000000000000e+00
2.500000000000000000e+01 1.300000000000000000e+01 8.173429730000000000e+08 0.000000000000000000e+00 6.340000000000000000e+02 1.012000000000000011e+00 2.787400000000000000e+04 1.000000000000000000e+00
2.500000000000000000e+01 1.400000000000000000e+01 8.169785880000000000e+08 0.000000000000000000e+00 7.800000000000000000e+02 1.102999999999999980e+00 2.952100000000000000e+04 1.000000000000000000e+00
2.500000000000000000e+01 1.500000000000000000e+01 8.178022430000000000e+08 0.000000000000000000e+00 0.000000000000000000e+00 nan 6.932000000000000000e+03 0.000000000000000000e+00
2.500000000000000000e+01 1.600000000000000000e+01 8.173442400000000000e+08 0.000000000000000000e+00 7.390000000000000000e+02 1.096000000000000085e+00 2.721300000000000000e+04 1.000000000000000000e+00
2.500000000000000000e+01 1.700000000000000000e+01 8.169857150000000000e+08 0.000000000000000000e+00 5.770000000000000000e+02 1.084999999999999964e+00 2.888100000000000000e+04 1.000000000000000000e+00
2.600000000000000000e+01 1.000000000000000000e+00 8.089585760000000000e+08 0.000000000000000000e+00 0.000000000000000000e+00 nan 6.467000000000000000e+03 0.000000000000000000e+00
2.600000000000000000e+01 2.000000000000000000e+00 8.089612560000000000e+08 0.000000000000000000e+00 0.000000000000000000e+00 nan 2.005000000000000000e+03 0.000000000000000000e+00
2.600000000000000000e+01 3.000000000000000000e+00 8.169823230000000000e+08 0.000000000000000000e+00 0.000000000000000000e+00 nan 1.573900000000000000e+04 0.000000000000000000e+00
2.600000000000000000e+01 4.000000000000000000e+00 8.095034040000000000e+08 0.000000000000000000e+00 0.000000000000000000e+00 nan 2.527000000000000000e+03 0.000000000000000000e+00
2.600000000000000000e+01 5.000000000000000000e+00 8.089810870000000000e+08 0.000000000000000000e+00 0.000000000000000000e+00 nan 1.583500000000000000e+04 0.000000000000000000e+00
2.600000000000000000e+01 6.000000000000000000e+00 8.084675450000000000e+08 0.000000000000000000e+00 0.000000000000000000e+00 nan 1.596300000000000000e+04 0.000000000000000000e+00
2.600000000000000000e+01 7.000000000000000000e+00 8.089930880000000000e+08 0.000000000000000000e+00 0.000000000000000000e+00 nan 2.475000000000000000e+03 0.000000000000000000e+00
2.600000000000000000e+01 8.000000000000000000e+00 8.089724520000000000e+08 0.000000000000000000e+00 0.000000000000000000e+00 nan 1.105000000000000000e+04 0.000000000000000000e+00
2.600000000000000000e+01 9.000000000000000000e+00 8.089811940000000000e+08 0.000000000000000000e+00 0.000000000000000000e+00 nan 1.268200000000000000e+04 0.000000000000000000e+00
2.600000000000000000e+01 1.000000000000000000e+01 8.084549730000000000e+08 0.000000000000000000e+00 0.000000000000000000e+00 nan 7.039000000000000000e+03 0.000000000000000000e+00
2.600000000000000000e+01 1.100000000000000000e+01 8.089724640000000000e+08 0.000000000000000000e+00 0.000000000000000000e+00 nan 1.527800000000000000e+04 0.000000000000000000e+00
2.600000000000000000e+01 1.300000000000000000e+01 8.089583920000000000e+08 0.000000000000000000e+00 0.000000000000000000e+00 nan 3.179000000000000000e+03 0.000000000000000000e+00
2.600000000000000000e+01 1.500000000000000000e+01 8.089775630000000000e+08 0.000000000000000000e+00 0.000000000000000000e+00 nan 9.053000000000000000e+03 0.000000000000000000e+00
2.600000000000000000e+01 1.700000000000000000e+01 8.089614450000000000e+08 0.000000000000000000e+00 0.000000000000000000e+00 nan 1.571200000000000000e+04 0.000000000000000000e+00
2.600000000000000000e+01 1.800000000000000000e+01 8.064765190000000000e+08 0.000000000000000000e+00 0.000000000000000000e+00 nan 1.596000000000000000e+04 0.000000000000000000e+00
2.700000000000000000e+01 1.000000000000000000e+00 8.095214740000000000e+08 0.000000000000000000e+00 0.000000000000000000e+00 nan 1.082000000000000000e+03 0.000000000000000000e+00
2.700000000000000000e+01 2.000000000000000000e+00 8.095260900000000000e+08 0.000000000000000000e+00 0.000000000000000000e+00 nan 1.306000000000000000e+03 0.000000000000000000e+00
2.700000000000000000e+01 3.000000000000000000e+00 8.095261020000000000e+08 0.000000000000000000e+00 0.000000000000000000e+00 nan 1.136000000000000000e+03 0.000000000000000000e+00
2.700000000000000000e+01 4.000000000000000000e+00 8.089811180000000000e+08 0.000000000000000000e+00 0.000000000000000000e+00 nan 7.342000000000000000e+03 0.000000000000000000e+00
2.700000000000000000e+01 5.000000000000000000e+00 8.089989660000000000e+08 0.000000000000000000e+00 0.000000000000000000e+00 nan 1.099000000000000000e+03 0.000000000000000000e+00
2.700000000000000000e+01 7.000000000000000000e+00 8.084549780000000000e+08 0.000000000000000000e+00 0.000000000000000000e+00 nan 5.388000000000000000e+03 0.000000000000000000e+00
2.700000000000000000e+01 8.000000000000000000e+00 8.089749230000000000e+08 0.000000000000000000e+00 0.000000000000000000e+00 nan 3.381000000000000000e+03 0.000000000000000000e+00
2.700000000000000000e+01 9.000000000000000000e+00 8.089812060000000000e+08 0.000000000000000000e+00 0.000000000000000000e+00 nan 3.928000000000000000e+03 0.000000000000000000e+00
2.700000000000000000e+01 1.000000000000000000e+01 8.084328240000000000e+08 0.000000000000000000e+00 0.000000000000000000e+00 nan 2.899000000000000000e+03 0.000000000000000000e+00
2.700000000000000000e+01 1.100000000000000000e+01 8.084555050000000000e+08 0.000000000000000000e+00 0.000000000000000000e+00 nan 7.330000000000000000e+03 0.000000000000000000e+00
2.700000000000000000e+01 1.200000000000000000e+01 8.089569950000000000e+08 0.000000000000000000e+00 0.000000000000000000e+00 nan 2.062000000000000000e+03 0.000000000000000000e+00
2.700000000000000000e+01 1.300000000000000000e+01 8.095244450000000000e+08 0.000000000000000000e+00 0.000000000000000000e+00 nan 2.802000000000000000e+03 0.000000000000000000e+00
2.700000000000000000e+01 1.400000000000000000e+01 8.173180990000000000e+08 0.000000000000000000e+00 4.750000000000000000e+02 7.980000000000000426e-01 3.845100000000000000e+04 1.000000000000000000e+00
2.700000000000000000e+01 1.500000000000000000e+01 8.090037750000000000e+08 0.000000000000000000e+00 0.000000000000000000e+00 nan 3.767000000000000000e+03 0.000000000000000000e+00
2.700000000000000000e+01 1.600000000000000000e+01 8.084890220000000000e+08 0.000000000000000000e+00 0.000000000000000000e+00 nan 1.065700000000000000e+04 0.000000000000000000e+00
2.700000000000000000e+01 1.700000000000000000e+01 8.089827060000000000e+08 0.000000000000000000e+00 0.000000000000000000e+00 nan 4.494000000000000000e+03 0.000000000000000000e+00
2.700000000000000000e+01 1.800000000000000000e+01 8.089615010000000000e+08 0.000000000000000000e+00 0.000000000000000000e+00 nan 2.436000000000000000e+03 0.000000000000000000e+00
2.800000000000000000e+01 1.000000000000000000e+00 8.064558160000000000e+08 0.000000000000000000e+00 0.000000000000000000e+00 nan 5.125000000000000000e+03 0.000000000000000000e+00
2.800000000000000000e+01 2.000000000000000000e+00 8.089800700000000000e+08 0.000000000000000000e+00 0.000000000000000000e+00 nan 3.979000000000000000e+03 0.000000000000000000e+00
2.800000000000000000e+01 3.000000000000000000e+00 8.090042520000000000e+08 0.000000000000000000e+00 0.000000000000000000e+00 nan 3.686000000000000000e+03 0.000000000000000000e+00
2.800000000000000000e+01 4.000000000000000000e+00 8.089616670000000000e+08 0.000000000000000000e+00 0.000000000000000000e+00 nan 6.790000000000000000e+03 0.000000000000000000e+00
2.800000000000000000e+01 5.000000000000000000e+00 8.089647570000000000e+08 0.000000000000000000e+00 0.000000000000000000e+00 nan 1.398400000000000000e+04 0.000000000000000000e+00
2.800000000000000000e+01 7.000000000000000000e+00 8.089882380000000000e+08 0.000000000000000000e+00 0.000000000000000000e+00 nan 1.021600000000000000e+04 0.000000000000000000e+00
2.800000000000000000e+01 8.000000000000000000e+00 8.089785820000000000e+08 0.000000000000000000e+00 0.000000000000000000e+00 nan 1.276200000000000000e+04 0.000000000000000000e+00
2.800000000000000000e+01 9.000000000000000000e+00 8.089972530000000000e+08 0.000000000000000000e+00 0.000000000000000000e+00 nan 1.396500000000000000e+04 0.000000000000000000e+00
2.800000000000000000e+01 1.000000000000000000e+01 8.089935920000000000e+08 0.000000000000000000e+00 0.000000000000000000e+00 nan 4.425000000000000000e+03 0.000000000000000000e+00
2.800000000000000000e+01 1.100000000000000000e+01 8.089474810000000000e+08 0.000000000000000000e+00 0.000000000000000000e+00 nan 7.971000000000000000e+03 0.000000000000000000e+00
2.800000000000000000e+01 1.200000000000000000e+01 8.089867710000000000e+08 0.000000000000000000e+00 0.000000000000000000e+00 nan 6.766000000000000000e+03 0.000000000000000000e+00
2.800000000000000000e+01 1.300000000000000000e+01 8.089935740000000000e+08 0.000000000000000000e+00 0.000000000000000000e+00 nan 1.128500000000000000e+04 0.000000000000000000e+00
2.800000000000000000e+01 1.400000000000000000e+01 8.089972400000000000e+08 0.000000000000000000e+00 0.000000000000000000e+00 nan 1.350300000000000000e+04 0.000000000000000000e+00
2.800000000000000000e+01 1.500000000000000000e+01 8.084683790000000000e+08 0.000000000000000000e+00 0.000000000000000000e+00 nan 4.629000000000000000e+03 0.000000000000000000e+00
2.800000000000000000e+01 1.600000000000000000e+01 8.173007990000000000e+08 0.000000000000000000e+00 5.480000000000000000e+02 1.092000000000000082e+00 3.742000000000000000e+04 1.000000000000000000e+00
2.800000000000000000e+01 1.700000000000000000e+01 8.064608250000000000e+08 0.000000000000000000e+00 0.000000000000000000e+00 nan 6.819000000000000000e+03 0.000000000000000000e+00
2.800000000000000000e+01 1.800000000000000000e+01 8.089850710000000000e+08 0.000000000000000000e+00 0.000000000000000000e+00 nan 1.589100000000000000e+04 0.000000000000000000e+00
3.000000000000000000e+01 1.000000000000000000e+00 8.172848190000000000e+08 0.000000000000000000e+00 2.200000000000000000e+02 1.260999999999999899e+00 3.898400000000000000e+04 1.000000000000000000e+00
3.000000000000000000e+01 2.000000000000000000e+00 8.173055650000000000e+08 0.000000000000000000e+00 2.220000000000000000e+02 1.127000000000000002e+00 3.953200000000000000e+04 1.000000000000000000e+00
3.000000000000000000e+01 4.000000000000000000e+00 8.173202850000000000e+08 0.000000000000000000e+00 3.200000000000000000e+02 1.068000000000000060e+00 3.885800000000000000e+04 1.000000000000000000e+00
3.000000000000000000e+01 5.000000000000000000e+00 8.173175410000000000e+08 0.000000000000000000e+00 3.300000000000000000e+02 9.979999999999999982e-01 4.073400000000000000e+04 1.000000000000000000e+00
3.000000000000000000e+01 6.000000000000000000e+00 8.173121720000000000e+08 0.000000000000000000e+00 3.090000000000000000e+02 1.012000000000000011e+00 3.708500000000000000e+04 1.000000000000000000e+00
3.000000000000000000e+01 7.000000000000000000e+00 8.173037420000000000e+08 0.000000000000000000e+00 2.810000000000000000e+02 1.125999999999999890e+00 3.753800000000000000e+04 1.000000000000000000e+00
3.000000000000000000e+01 9.000000000000000000e+00 8.173036850000000000e+08 0.000000000000000000e+00 3.110000000000000000e+02 1.064000000000000057e+00 4.074500000000000000e+04 1.000000000000000000e+00
3.000000000000000000e+01 1.100000000000000000e+01 8.173203160000000000e+08 0.000000000000000000e+00 4.180000000000000000e+02 1.002000000000000002e+00 3.904400000000000000e+04 1.000000000000000000e+00
3.000000000000000000e+01 1.200000000000000000e+01 8.172934040000000000e+08 0.000000000000000000e+00 4.790000000000000000e+02 1.100999999999999979e+00 3.897600000000000000e+04 1.000000000000000000e+00
3.000000000000000000e+01 1.300000000000000000e+01 8.172994730000000000e+08 0.000000000000000000e+00 4.980000000000000000e+02 1.066999999999999948e+00 3.910600000000000000e+04 1.000000000000000000e+00
3.000000000000000000e+01 1.400000000000000000e+01 8.173198840000000000e+08 0.000000000000000000e+00 5.590000000000000000e+02 1.088999999999999968e+00 3.885500000000000000e+04 1.000000000000000000e+00
3.000000000000000000e+01 1.500000000000000000e+01 8.173311860000000000e+08 0.000000000000000000e+00 5.600000000000000000e+02 1.090999999999999970e+00 4.219800000000000000e+04 1.000000000000000000e+00
3.000000000000000000e+01 1.600000000000000000e+01 8.172972170000000000e+08 0.000000000000000000e+00 5.330000000000000000e+02 1.082999999999999963e+00 3.726800000000000000e+04 1.000000000000000000e+00
3.000000000000000000e+01 1.700000000000000000e+01 8.173189100000000000e+08 0.000000000000000000e+00 4.930000000000000000e+02 1.114999999999999991e+00 3.659700000000000000e+04 1.000000000000000000e+00
3.000000000000000000e+01 1.800000000000000000e+01 8.172875570000000000e+08 0.000000000000000000e+00 3.990000000000000000e+02 1.116999999999999993e+00 3.756900000000000000e+04 1.000000000000000000e+00
3.200000000000000000e+01 1.000000000000000000e+00 8.095261090000000000e+08 0.000000000000000000e+00 0.000000000000000000e+00 nan 3.970000000000000000e+02 0.000000000000000000e+00
3.200000000000000000e+01 2.000000000000000000e+00 8.089531480000000000e+08 0.000000000000000000e+00 0.000000000000000000e+00 nan 3.140000000000000000e+02 0.000000000000000000e+00
3.200000000000000000e+01 3.000000000000000000e+00 8.089846030000000000e+08 0.000000000000000000e+00 0.000000000000000000e+00 nan 4.560000000000000000e+03 0.000000000000000000e+00
3.200000000000000000e+01 4.000000000000000000e+00 8.089816660000000000e+08 0.000000000000000000e+00 0.000000000000000000e+00 nan 8.410000000000000000e+02 0.000000000000000000e+00
3.200000000000000000e+01 5.000000000000000000e+00 8.089690380000000000e+08 0.000000000000000000e+00 0.000000000000000000e+00 nan 1.564000000000000000e+03 0.000000000000000000e+00
3.200000000000000000e+01 6.000000000000000000e+00 8.089847530000000000e+08 0.000000000000000000e+00 0.000000000000000000e+00 nan 3.126000000000000000e+03 0.000000000000000000e+00
3.200000000000000000e+01 7.000000000000000000e+00 8.095386370000000000e+08 0.000000000000000000e+00 0.000000000000000000e+00 nan 3.572000000000000000e+03 0.000000000000000000e+00
3.200000000000000000e+01 8.000000000000000000e+00 8.089850610000000000e+08 0.000000000000000000e+00 0.000000000000000000e+00 nan 6.039000000000000000e+03 0.000000000000000000e+00
3.200000000000000000e+01 9.000000000000000000e+00 8.089945240000000000e+08 0.000000000000000000e+00 0.000000000000000000e+00 nan 5.732000000000000000e+03 0.000000000000000000e+00
3.200000000000000000e+01 1.000000000000000000e+01 8.084891100000000000e+08 0.000000000000000000e+00 0.000000000000000000e+00 nan 5.264000000000000000e+03 0.000000000000000000e+00
3.200000000000000000e+01 1.100000000000000000e+01 8.095386360000000000e+08 0.000000000000000000e+00 0.000000000000000000e+00 nan 5.742000000000000000e+03 0.000000000000000000e+00
3.200000000000000000e+01 1.200000000000000000e+01 8.089694750000000000e+08 0.000000000000000000e+00 0.000000000000000000e+00 nan 5.241000000000000000e+03 0.000000000000000000e+00
3.200000000000000000e+01 1.300000000000000000e+01 8.089845910000000000e+08 0.000000000000000000e+00 0.000000000000000000e+00 nan 2.740000000000000000e+03 0.000000000000000000e+00
3.200000000000000000e+01 1.400000000000000000e+01 8.089864100000000000e+08 0.000000000000000000e+00 0.000000000000000000e+00 nan 1.580000000000000000e+03 0.000000000000000000e+00
3.200000000000000000e+01 1.500000000000000000e+01 8.089826110000000000e+08 0.000000000000000000e+00 0.000000000000000000e+00 nan 1.054900000000000000e+04 0.000000000000000000e+00
3.200000000000000000e+01 1.600000000000000000e+01 8.089870630000000000e+08 0.000000000000000000e+00 0.000000000000000000e+00 nan 5.738000000000000000e+03 0.000000000000000000e+00
3.200000000000000000e+01 1.700000000000000000e+01 8.089870640000000000e+08 0.000000000000000000e+00 0.000000000000000000e+00 nan 1.417900000000000000e+04 0.000000000000000000e+00
3.200000000000000000e+01 1.800000000000000000e+01 8.089845860000000000e+08 0.000000000000000000e+00 0.000000000000000000e+00 nan 4.113000000000000000e+03 0.000000000000000000e+00
